3828.2741581315477
59.507791472001095
223.71314881950133
3616.7187283292096
3923.1371469100086
397.98308842154256
1155.8750346407212
941.2849928497344
4222.709296702136
3690.377520516403
943.090898235886
159.1399174250554
1786.3502623677023
1503.7678037035498
2620.455086597081
1645.045698199125
2448.2588680330978
4169.781745665005
3996.8258068138716
2674.391345658274
1475.4120822615828
3350.5403799903543
273.27207005017607
356.1746244595346
13.922013894663998
1982.2936175405648
651.1657049486384
3112.4450953066907
2903.0310456658453
3714.0365588392683
4153.142655117748
2860.7922725284284
4109.754875923216
190.0987206743467
1746.485107772212
2161.7404517987043
2771.817611686146
3730.5006443154075
1043.645591598533
1031.0522659669994
