395.391500656983
2910.6418569832663
2325.8304843857654
2435.239414592857
766.038790523679
2169.5491154227407
1101.6071475044962
3487.809199871603
4096.352135370718
3140.1757320785973
2617.5467641952487
2220.470808862199
3942.239641450719
1428.7318288162687
1995.0674693128672
260.4334179737693
1589.2134244996596
2438.066451964839
1173.4868400348548
886.1817675571067
3815.0568182127536
1138.7438986391928
3753.956526452531
1170.729854003787
2984.7098601416833
125.92342356737434
3342.8748881262745
64.19593144348592
4179.023276341241
4222.70929671584
4021.5995579069586
38.18588525605096
3863.7200438144228
3657.6295317964205
3896.894031135358
2815.0987683642015
2265.403658641983
195.2771864969509
91.15659079815705
319.4163184496058
