397.9830884215426
1117.5974393270653
3065.3021787688044
3526.936164931069
4021.68572172338
2378.537668321962
4158.142652371563
168.78661302546163
2157.2664241085454
4068.4985447745016
3252.7484823727837
1087.9792527427896
1157.812871916496
2726.683422296619
259.1034583272133
1682.0861039232914
316.0620333180281
3085.0564360858243
2928.295412793729
4222.709295663268
3066.958005597401
144.55152800853915
2027.1541960683285
2278.51826634321
3810.962894823761
2584.522330120384
350.009979983453
1073.9351865171325
3379.721377951448
526.7406016403787
2276.5174352763966
3962.1831784543456
3866.225350238419
760.1021078112967
994.2186668616666
1725.6758746064352
1842.1587117739396
753.8546550734484
13.922013889442795
2397.8733731825687
