317.1552829652412
2600.6344552762866
1157.8643475996328
3668.7631981256163
3906.4048261045527
2592.199141032938
4174.088000842826
58.69449445070616
30.053806009315316
370.915906865795
3500.364198673606
2690.526638785773
3192.0268865331545
928.8031459893566
1250.7169502479785
1815.6754131742289
2248.8213662654753
219.65583352490177
2443.0694961631834
3245.2625218041585
4050.653757328988
2865.6153125320902
126.60976874093524
1698.79075962375
3521.5133427984583
3496.2627556138227
2283.586842118462
4222.341829844048
1087.477754104499
84.67542055893662
4132.530083902727
3081.949005881725
3836.8252461391157
1219.4624067291722
3951.7204983115694
2139.2340115776715
481.7396769775654
3599.622328472905
3782.1598175770796
3682.2960943831313
