4087.1489829932757
1936.1177153187011
1812.2333289616006
4036.3631174785714
1658.7009572374282
782.0869461324162
2544.574041425788
1075.6904581548824
397.98308842154256
1362.3806804373266
2810.493871795638
2649.4443867749715
34.49230426116985
3118.7535493180126
1957.330283524269
4076.0866888263267
344.88295055921077
3751.112132398118
2362.9871838741547
909.6074793560132
4166.612677509046
4222.709296716016
3996.2087767157504
175.89329507718207
1285.4070876012888
2231.9650745649515
223.8260829953976
2484.688821517425
3928.9443790146797
1067.3993399735343
3417.0223584696714
2089.8738612080315
3921.825532820696
1363.0639545387987
50.08396079406174
1566.8321445918882
3868.3038265859477
129.46527402586185
3020.6000534466084
82.16954147057776
