3872.620768973241
1660.5121592036733
2449.790338146794
241.7548407943097
3714.91856170896
3810.1676126054235
279.3570543527063
799.4489231511322
2377.3761112548978
2568.033174603239
363.62516181120293
49.87691465227256
1939.461545797964
2987.7108752953377
22.988104864454137
4163.300603094691
2160.650514834335
520.0956657320878
3490.3837939728824
173.0639476315463
325.3269256580606
130.196706884538
81.12883264509223
4090.8468600507263
1140.114262510591
3798.9731374221674
2835.572224425537
3080.705372916572
3976.569435112006
2886.6739167251103
3370.6793740592907
419.40179788770115
1412.3469092509347
4177.948402155732
393.4931989688315
1789.2172210316521
634.2224719990684
219.9393944723754
2723.2498201796575
659.1951111269107
