4114.687279420895
4020.2374096954136
3910.9568914306124
4168.970432637139
82.15819010471077
2188.043646541099
2372.971297951247
3835.2598667558896
122.27779875301509
3288.7519602038337
4222.709296716016
3437.934597918951
3778.827530573787
3161.6909921921865
1236.3906146924755
397.9830884215426
315.13117267813175
1877.0629039974588
4067.3768087109556
3698.712879450834
2765.5305376412
1539.4970853270954
2591.992711235811
2381.366415533634
3932.924152716457
163.9018667301842
358.1002518160411
2548.4138384380494
483.48710994355486
1231.8605216907222
1111.4654443991733
13.922013889442775
1686.6522712927256
2617.7158976988585
3146.8575888398873
1481.0001155447253
2000.6067586611778
964.7749811422365
3796.519181897333
227.13543336789743
