4037.963370439433
47.18087425339643
4054.877933988873
3038.3137411991474
3006.2844300320285
3980.6884104458986
3025.9908691302594
209.99464248747188
1051.2786664224113
4175.10967710925
315.3869531207803
726.5665470851121
2163.515762414963
2946.235917113645
3910.2214941320362
270.98575400772665
3510.2386803233912
2656.82250560732
1047.849451934269
1193.3060886041155
4114.799935839353
3318.0626086701504
1714.6937480290967
4222.6938943671685
2832.5177814112785
3355.0964583530545
13.922013889442788
723.5573580339577
735.533776311433
1854.3650625719408
3818.3662483506946
1566.1664080539458
397.98308842154256
2305.3035120779
3634.8335471654923
2281.8060919613226
3862.036567248332
2410.3967730927798
1684.9970589506452
1406.5686595059688
