2052.3652199260896
3380.512284385458
1031.9010046197093
2934.05762978141
281.41951185130307
2198.4324513067004
71.50380118916925
1227.4463612374122
2475.749392476508
4059.3894399995174
3618.448496490405
2311.5024426902246
1671.4189061170443
1499.354928294155
742.0908987475736
1265.5461099000902
171.94368848460982
1576.2034428062466
145.49929361867447
4193.112139279128
1075.1362062847743
3648.455258438338
3903.607893783539
3078.302453739623
3229.030026530881
35.76980985104616
397.9830884215426
3436.9249461421077
4162.348832719979
2645.4026667266176
1363.8458553874611
532.087836677844
4001.400826594926
3828.2741581315477
2036.1548224811909
207.92927368306675
4085.112421318555
3041.981655227184
2940.866946139142
357.7472221141548
