3254.463271218404
387.62077748625063
1783.8766199400336
2022.820593887211
2471.753815145461
3265.7126895055317
321.8289875571762
2977.6825242382874
0.0
680.7950343083086
2482.9747380414033
1072.3137364722545
3255.2649426124653
1232.693693136779
1905.1754346254988
394.8205825517475
3208.08312847442
247.20353297055874
1863.7526161864776
765.8231540630284
3262.1793306213804
3255.903452442503
2205.2814658708403
2797.02596993707
0.0
2601.7900476525624
3264.8823934356287
866.7726207955131
2312.361777996189
0.0
573.9906459553266
3257.636065600707
931.980895797393
1416.5795567965845
0.0
3205.493287142586
265.4024802594307
1032.982632256802
0.0
3263.6365799748323
