1833.62563192683
1472.2614776153205
1769.2273049434998
0.0
736.2996495401734
1600.0864823923375
193.82276694101012
3215.25854009738
0.0
3265.7126895055317
309.2539528829617
2055.20546317336
29.952172152887893
2219.2764370473815
2432.447561589908
3254.53284166722
3193.4646877973455
0.0
0.0
2580.0929731688716
2049.5638619313386
409.4698589103206
2701.3175522602
2238.7307789987285
1404.4814360786222
3258.5180245524016
0.0
2947.4482290922224
3249.1109794364297
870.3450270706452
3260.2400940730768
3256.3842070746073
0.0
1088.6993211275196
459.9443709513881
1255.8018834533473
2339.4397946113218
1073.3362221897833
2148.695538884712
648.7498116181229
