3243.676139566175
3257.1379167173022
1765.5013304503273
860.7815936787299
3230.6948073432777
0.0
1434.332507001768
467.9212528947169
1037.210794398398
1867.6826929548952
3257.968245168418
2303.804086944437
1960.671290424565
1668.1067027714007
3212.6292374487007
2096.113024228719
3186.639518402146
1274.715943673485
2783.7948304138436
3.8971174382033658
3254.506616632065
787.0829449679702
269.1069648778734
3220.900987250272
2373.900047744886
952.3600517791033
3256.055106806532
328.7195941799996
258.99351699370237
0.0
1518.4512471361243
0.0
2962.0011607565534
1146.5617366503868
2467.997766759167
2885.750307574797
3245.3530733125326
1542.0825690636466
656.0134936033583
2597.6509808738992
