2578.425152581594
70.24378011634323
3263.2207079333198
613.5754437551398
2609.811300842666
2026.4370497494447
298.10197688394084
284.86676419685875
0.0
3035.5575289403932
3255.538630778132
3213.0737783763607
2049.387735490549
1209.617314233587
478.0267684532929
2337.8254039909716
85.98144994470033
1749.3768309180896
1479.5967519303144
403.57925284209716
1388.8109487563165
1231.5291171511851
958.1961187260324
3261.4467746583414
2101.592341929987
2630.5364732317507
2795.275576544977
0.0
2434.390832712816
600.5955301957002
744.0638706315083
3242.3262386264432
2940.0649966370106
2943.6464375785554
2093.093712219427
3260.0023694250012
2243.813401585098
1285.6154398199824
3254.614500223579
0.0
