692.1560721847163
691.9256171460728
1166.7178413713061
1357.7087490291615
3175.276075423589
3264.3466703773156
1462.8594050038737
3237.0980502062407
3265.7126895055317
3209.8583290234255
3175.172903568823
148.4381720845176
0.0
3224.3363286660883
3127.870711540499
1043.6766176401063
2814.1852287536635
3254.716319104348
2659.336867242566
1538.4626422611175
318.0274771618583
0.0
1706.003451167667
1371.2726223010636
457.1558002618418
3136.0808536067275
1784.8369114034476
3142.3007893006115
2072.573032641761
2747.481589996569
3190.228676459078
116.49951505582591
2482.5758729747986
51.20482491681962
296.7749831800996
2288.924294919138
2768.1374053909462
947.4631851529438
234.83340673486268
580.3160789481752
