3245.0008433518806
1574.8877018389703
853.829694278606
27.25212371801756
1929.71131753638
3234.6855073951424
296.79682064910867
2486.4309068170705
3254.4549750444494
0.0
2159.461321022517
393.9676154561739
2423.6121246078337
421.17458469827363
552.473809305927
2999.3763485774384
26.09030368643335
3209.501698756193
3253.009806429518
13.576766762548448
1898.3628841652192
2719.5211017789597
2065.467140036406
852.1470735574414
0.0
1382.3207603453334
3265.7126895055326
14.696199023342354
0.0
3157.769080049269
1516.3290277237033
3255.451767654045
2494.8138842082535
3177.569907634597
3160.0330615785615
687.7493668088075
44.23720929807912
2281.8949507896978
0.0
1279.3219284983782
