2426.8287633674076
0.0
3254.7245130208353
2040.1828568036728
2274.56004118432
1511.6629179170377
489.62414037460127
868.4741159980606
2671.8735341676143
1252.1261141949283
1678.2330015105472
3193.171446001391
259.20341472395216
3174.2327718518436
2912.397926209832
2798.350769995034
1281.7322265887062
0.0
962.8241060545487
0.0
1980.064479108299
2549.4456245801384
2632.8886401068353
3256.922755044927
635.2446028563824
0.0
3265.7126895055326
3255.7466757145653
498.0309660386297
3237.6752513075417
1443.7814526722739
1791.4666172910652
1686.5584364590263
3254.463271218404
3155.3989184183
1621.1462180993503
867.8377291354401
2999.415082405906
2519.7563531988108
2923.582783908182
