576.2007813112248
282.8036724663642
1142.7453059343632
712.871487600014
2307.211240103281
1909.1408945739026
1277.1482193327968
1585.13038437652
2668.6664122525412
293.8972066906973
2533.5396695919867
3251.990248514942
2951.9757255595737
3224.789030407621
2428.089646922627
2185.8406742698076
2404.6708837836645
3225.0873205097414
3240.7985247359015
1480.0033199874952
830.067927473239
3256.1364770829146
2117.4731727201183
0.0
2013.7529596411334
2985.297229179874
0.0
899.2909262626658
234.98159032597655
3260.9365787673732
3254.4957635694063
538.3228287182864
3265.7126895055317
3259.4577552106693
1360.1261944228163
728.9299017890335
2975.891436029603
2475.7976868146484
2790.260640847207
3245.1358697892197
