604.6097573909524
1291.979406658236
2572.2524528530726
286.26965136207224
580.2122144984314
1925.2360529778687
3259.2358430719078
2952.4041484962945
921.3609112597633
710.5218808373265
0.0
2543.0634319221635
3254.6254282438513
232.3928880454558
461.87810242459085
3265.7126895055326
2561.2139247641817
3260.8621426605764
944.3026342138205
576.047418214748
2179.5854507617487
2397.302569153325
170.40312808443787
2752.663571108279
2070.001314302943
1275.2948451984944
2926.584633493242
1080.6791891456521
14.755067234832747
26.107944492712456
1428.4740089660615
0.0
34.02644908338165
736.1474070397195
3242.3672022722058
1591.3449798203815
330.24098872698653
2901.9143666773507
1703.9011361069229
1812.9766741186863
