9.271100913245636
9.24701222321611
9.205988055668946
9.278964925997021
9.244167380729673
9.154802263380835
9.233331448708338
9.208241928103423
9.295822704172531
9.309655889160588
9.18545810733824
9.167554773957336
9.246268580456828
9.212958616446022
9.247661287148562
9.222811550850587
9.27816997824329
9.265070429229144
9.25078000503939
9.165189195207413
9.24010823701359
9.281142200469946
9.187608380481832
9.413951897486358
9.206822903454713
9.305307930921693
9.18390194833086
9.224591108481352
9.237962827932654
9.341731980987396
9.24855571997429
9.27610457852644
9.26350473664178
9.29004256344205
9.217707121056817
9.157155585543563
9.249366363014802
9.26835796211146
9.138399122083984
9.150256326290107
9.250399588091952
9.245257831025757
9.254029667442634
9.200866152079797
9.149656472326916
9.185557988256667
9.363511795033306
9.284175823361783
9.247266786117079
9.264833726686621
9.235009341328734
9.146820739921239
9.285985041221581
9.252233384405768
9.210234951568099
9.328656034335642
9.344459617792412
9.280798927550494
9.229446637187564
9.20136836557688
9.17205174742222
9.232792318604783
9.319473763484933
9.188825377252149
9.220554341179634
