2428.9494137537313
2306.1840772733863
2924.7959521242165
3019.71685177984
133.82187523792112
3064.584077273387
505.59999999999957
1516.7999999999995
1799.8811528815627
1404.6731368655078
2811.7840772733866
1910.65125229503
1145.6992051045538
-287.83386361131267
2856.81905522336
2650.7001543649467
-245.4354177240241
251.90813410251133
504.7081341025114
2776.750213662074
1319.3983862546897
1263.9999999999998
-98.81069861040982
2419.323112978659
252.7999999999995
-0.8918658974886906
-172.66702702117524
757.5081341025112
1011.1999999999999
1657.85125229503
2558.9840772733864
377.934537397978
758.3999999999997
740.0314313172739
2163.4512522950295
1673.9059155442224
2052.975115768531
967.8889120555249
1953.7379522450735
-4.567703778789414e-13
