1061.5741757849191
413.58815963855375
2349.7627449905767
2855.9395460831274
1513.36970862695
-254.09603703257787
4283.141823364686
473.3262667328921
3787.864921660294
3282.839900351032
-431.71713763596836
-73.09477627625117
2654.159926274887
2276.1715421253166
1816.3464809631434
23.053728589335165
3255.3072940103784
2046.6469701172912
-7.778070394896592e-13
1064.1951324446031
4596.517759535896
1635.4459439058369
1018.5367470727454
435.4920682044351
2491.6519502581714
1414.7478938986828
4530.718747586444
3691.174305849779
-355.2721971389545
743.807650825051
4407.552723253895
4085.451131780318
2231.445612911436
2951.3819356910763
3214.3130667035416
68.54929340826693
3900.680028259733
1733.924084668204
4164.800621899929
3567.559897646334
