619.4144214017582
936.5589056702355
1512.750213662074
758.3999999999996
1299.8817402356558
-4.267079594597516e-13
1685.7024208397263
-287.83386361131267
2191.3024208397264
356.82192471914016
217.76613638868739
-151.6878150069885
3064.584077273387
2955.5956706239585
-235.92579661840819
470.56613638868737
1938.5024208397263
2224.219966528585
1118.3980945430521
-56.98672585743011
82.0930126056804
1658.7788825723542
1263.9999999999995
505.5999999999995
2271.150213662074
2523.950213662074
3019.101879627241
2811.7840772733866
1474.8512104198633
2633.157128107569
1011.1999999999998
1765.5502136620737
723.3661363886876
2443.848724590553
-35.03386361131263
2829.4439331215567
2776.750213662074
2018.3502136620737
2887.9888097937865
252.79999999999956
