-153.7296240846297
2256.784788980942
2195.207661179731
4596.5177595358955
1752.208792666844
-6.002812122446935
3831.8825393056723
3375.5814819649313
-431.71713763596836
4273.262439221603
2823.444479912725
110.41584263082173
-26.627007730964575
4421.08873516414
4168.814710519401
-329.6451690406363
3074.994964963293
3633.5406660577955
1039.4809204046376
3193.1828714416
1469.9934105774685
920.184958454404
359.01080892001966
850.0406835780213
1780.3845513871681
2471.449986180043
2694.4654330597314
2078.6773452104417
4120.983948956176
677.5628997430342
3912.8673110299974
3505.088913321646
1259.787074674384
2741.7679787100355
444.44993811171344
1710.1462658707871
1320.0137417698793
4164.800621899929
264.7780806715349
4532.844792678606
