1456.4459303388855
2820.187561480613
2214.845930338886
2933.5116386351383
947.112209519259
441.64732702369804
445.24593033888607
1555.3552151318404
213.38434568983942
-4.2901480226331247e-13
2654.3926310593897
2776.750213662074
2986.453635379023
611.6368113883321
1709.2459303388855
945.814711062711
693.0147110627108
-77.74746555674693
192.44593033888611
2420.837374556637
1451.414711062711
2594.125557892485
1198.6147110627107
-248.31138529816275
1964.335920211995
3064.584077273387
1962.0459303388857
-57.330451219381644
2189.8182433043594
2209.8147110627106
111.90369226456886
-287.83386361131267
2494.153611695544
2880.526439806879
1203.645930338886
698.0459303388861
3031.202640309445
1957.014711062711
950.8459303388861
1704.214711062711
