3002.9134539454667
4343.717759535896
4164.800621899929
1985.6495144888713
1523.523868206125
1372.8261527493837
-431.71713763596836
3835.368985386403
1837.4847205764208
337.3667229317909
3073.489628251492
-7.8373105863105e-13
3860.477668237049
425.8419281219998
908.2010005548486
81.6530202381371
4296.343929146598
-282.08934691092577
4090.9177595358956
2388.779435952529
3579.0896282514927
522.4452837239465
2821.0742435724433
2569.250548639814
3299.574090687461
2074.823542196486
-101.07337837103796
4596.5177595358955
0.17712165162525537
1122.7951453184776
2709.2397177623484
3579.256823599267
-178.91713763596834
821.9727123522109
3326.289628251492
1144.0385670106923
640.9540818904732
1604.3679484300108
4441.0776640418435
2319.95823789233
