3079.717759535895
1299.224752967027
3912.000621899929
512.9532170294532
975.4780012598862
3585.3177595358948
1617.915885738304
2114.657221903485
154.01754860245768
4164.800621899929
260.1532170294533
3838.117759535895
426.42804984506756
2826.9177595358947
1776.9532170294533
697.001031908414
-242.6081716106121
1018.5532170294534
765.7532170294533
2388.462364132245
2986.9082695162274
1874.9878436888082
-8.126832540256146e-13
-119.69570738843143
-12.552975498928895
2728.2345433078162
-431.71713763596836
3027.8413959113923
-366.4097966234177
4343.717759535895
2044.2687514612057
3622.4581163756284
1271.3532170294534
1524.1532170294533
3332.517759535895
4090.9177595358956
2408.0046748093523
4596.517759535896
3659.2006218999286
3396.041923710809
