3900.00374797487
3761.6353911652373
2872.5255676029674
1272.1980834517221
1476.1169406723516
2361.7218163625594
-356.9493571272336
3675.625686086462
2117.607060636436
1529.0048867333899
3063.9686582311842
2888.855025514304
652.0641940474595
3352.7628669775168
3647.2037479748697
-7.928719494204043e-13
4293.579461082471
4164.800621899929
654.5690486626607
-21.316549238712113
967.907757007405
1116.469391035362
285.9877592632528
-230.24547932926555
5.786402090839578
-431.71713763596836
1997.7639330115048
3394.40374797487
2593.449437204835
4596.517759535896
1508.5839361322885
4198.185810703335
2477.859460320331
4494.937745815758
562.5250169378949
4219.739895893083
823.1464242020954
296.26682819804495
3141.6037479748693
1910.813615872838
