854.039280904945
575.564924227566
1562.3483976530833
1488.698996516995
4482.369811817317
3109.821016687136
3659.200621899929
3406.400621899929
1134.2397965151174
1185.8971458761796
508.4048065579515
1811.3108632939563
2546.8937007338714
2648.0006218999283
4596.517759535896
4164.800621899929
2409.2295280130807
1003.3079988179791
2900.800621899928
2118.7832725253093
99.29598926871192
2800.349338226857
2379.2112132487737
4301.586632882682
-237.43756529496574
1850.3835233344537
4240.932003921472
3912.0006218999292
-431.71713763596836
289.97764449100714
3696.001879683371
720.8276623714413
-337.7509194535773
2086.8606123918025
3974.0418766952575
-7.879114027886658e-13
214.59149102332108
-18.263768951912578
3153.600621899929
3403.384906256413
