1408.6630840187038
115.52888619801949
2657.701906172647
1.7631568024337683
996.5878095442177
758.3999999999997
1788.0893179864147
-35.03386361131261
-4.796163466380676e-13
2771.712172327347
505.59999999999957
1582.5505489489724
3064.584077273387
2432.0571121647913
1569.518834312047
2776.750213662074
2019.608414988127
973.9747052087635
723.3661363886874
2523.9502136620745
1834.9118517153129
2811.7840772733866
-223.71635413442502
1224.5832740288395
1234.7756190884359
2087.273154481654
2876.2954791214447
500.8778942273361
252.79999999999956
724.624985168038
470.56613638868737
-100.18922149980799
3001.983195929419
2271.1502136620743
-287.83386361131267
217.76613638868739
2053.415455996877
2558.9840772733864
2323.12861587752
1397.051054170443
