4596.5177595358955
2826.9177595358947
3838.117759535895
3659.200621899929
-8.084848837942624e-13
3375.6367203768477
2049.38696457284
-371.6154402064485
2089.9687025400904
2437.3954412117505
3585.3177595358948
-77.19213177923433
3912.0006218999292
3062.6679138172835
378.744533483761
4343.717759535896
14.899726977628093
4090.9177595358956
831.268969192778
1274.9724517769343
-280.69890540602404
1335.0297977617859
665.8236577836497
4393.797763286657
2537.9984070323694
3332.517759535895
2790.79840703237
4164.800621899929
932.1981774707605
1214.9558787462447
551.1627438199973
1683.296820010265
-431.71713763596836
3079.717759535895
611.5570144411007
286.7016466271142
1598.6944246570763
1649.1132036962856
-166.26449864386882
2104.031753656789
