2811.7840772733866
-230.35073770781275
1658.9622098987793
2117.502034041333
2776.750213662074
385.23936689573236
2290.6021578448085
1558.4054673090861
1811.205467309086
1229.3768782135357
976.5768782135359
2640.5872988885494
-4.810565065426167e-13
2523.9502136620745
3064.584077273387
1052.8054673090862
387.47926224214905
2469.3905205037113
470.9155831308197
1482.1768782135357
2883.4908023113285
800.0054673090864
-287.83386361131267
252.79999999999956
1017.118220995214
2383.451039656732
2240.576878213536
-3.6258022787096555
1305.6054673090864
-95.4824874747868
1734.9768782135357
723.746230672178
767.8993733026525
547.2054673090863
129.1944110522026
3003.6060050291944
-35.03386361131268
1987.7768782135356
1934.1114513595974
196.04764115624334
