2361.060167320097
3156.068662798816
-431.71713763596836
1981.5380902323318
2501.45493112212
961.3097797755577
3895.0280479658018
3845.8894699377097
4164.800621899929
2823.2845345231567
-8.144530113905993e-13
875.0539203536825
4596.5177595358955
347.8357612129721
4090.7349226212477
2621.4504634124246
2238.985582431178
1055.8400241088154
4448.888186716567
299.77920321547396
3626.9835128514346
403.99087652950664
-107.74129107457776
1691.957057684479
2726.5277960000103
4344.24840824164
-144.11983376656605
-326.9605740682424
3383.847353348476
673.7896071607506
1342.0768255177654
1438.967608344383
788.0697094929839
3504.662881999929
1996.053920460839
-94.76071856006264
254.02464976055956
2944.7474472114714
1720.6506421044214
4259.516316407743
