1725.3341764507152
2523.9502136620745
-179.86307466076534
217.76613638868736
1515.2505871376943
505.5999999999995
-67.44905315936782
2340.8379337179304
392.05088958625674
1263.9999999999998
252.79999999999956
758.3999999999994
2120.0323312988025
2271.1502136620747
2313.938720481514
2896.232992139894
2043.4028770261727
1011.1999999999996
496.12622492262545
2543.6998706917825
3064.584077273387
1562.855540390271
1913.678132826628
781.4683778587424
1815.655540390271
2831.742583150401
732.7819534644357
976.8260564083787
-4.645419390513175e-13
1162.9031378965853
-287.83386361131267
3027.6093907697673
1315.9104963665252
1450.4500067760807
-35.03386361131267
2760.9224009236086
2979.9077636520096
2776.750213662074
2714.381979654902
566.3356427838262
