1023.413828189365
1011.1999999999998
1437.266203002127
-4.350863344292313e-13
1007.1502136620743
1471.9869771791955
1643.8077145035454
2523.950213662074
2640.6872538879506
754.3502136620742
1512.750213662074
2776.750213662074
2091.4928600692415
300.62139824658976
252.79999999999956
505.59999999999957
758.3999999999997
1765.550213662074
-249.1234935905709
-287.83386361131267
1854.4765366340844
1760.1181947658797
2890.1860911258636
2271.150213662074
3010.564043441391
2811.7840772733866
2038.4266295207185
2469.590430502516
-44.92884619069464
2018.3502136620734
1259.950213662074
2270.120060845781
428.3680267382225
-160.59279131896915
3064.584077273387
167.43249201142453
785.8241222574879
1234.6233333706668
543.1328250389474
-70.19665916084813
