-8.144349853168628e-13
3061.3139988525436
4164.800621899929
3260.5462834276577
1466.667196398861
1484.3113013084655
4339.520546788398
2386.077746238717
4054.081139854363
4236.0517270453465
3549.2624639672167
484.31018641047893
2624.0345207380606
2506.8327805427457
87.25107352023068
2777.3455609401885
4596.5177595358955
769.5441320320926
967.028491591907
246.37602496121434
485.64009049472185
4532.567740204579
4438.249392816817
1893.243986103414
2021.0153414186284
3836.0582231758444
3531.8428268351995
-67.32237299776618
-192.85918974574605
1213.223527506952
722.1130127138679
3871.9474591223097
1718.0175451104005
1058.8930110526678
2883.029997097561
-431.71713763596836
196.48496865327428
2233.3756728222024
-365.67115443550136
3188.795235455783
