609.886540316886
940.2700799952056
1533.0086156696277
758.3999999999996
1309.0893597044096
-4.267079594597516e-13
1644.0135166224716
-287.83386361131267
2149.6135166224717
323.88560452497615
217.83215024324787
-145.3401142392487
3064.584077273387
2945.735128373803
-231.35569646302417
470.6321502432478
1896.8135166224715
2208.229765309797
1130.9892801999313
-52.56960031068961
87.96612112700075
1693.5089963045405
1263.9999999999998
505.59999999999957
2291.408615669628
2534.079414667294
3015.7082299377926
2784.6616045260416
1454.0067587063575
2600.9866589650856
1011.1999999999998
1785.8086156696277
723.4321502432477
2401.8059609574534
-35.0008551276212
2801.8631756106033
2776.750213662074
2038.6086156696276
2882.1823120078757
252.79999999999959
