1769.5999999999995
2903.028764005886
-179.24766740786407
2022.3999999999992
509.038220920238
1765.550213662074
-4.4853010194856324e-13
1516.7999999999995
-287.83386361131267
2776.750213662074
3064.584077273387
2527.999999999999
2275.199999999999
2836.3240508409517
1263.9999999999995
2243.074204003633
-52.36907517449432
1307.3992117088053
469.7797019398345
1935.5588431279284
2018.350213662074
-236.4136441277937
3029.93254567919
2271.1502136620743
1512.8557546186323
252.79999999999956
1011.1999999999996
2780.7999999999993
1106.3398754892187
2967.05308237813
2546.947561650647
217.76613638868739
-126.23887835593496
711.5741469037617
2523.9502136620745
210.08229108003303
758.3999999999996
505.59999999999957
-35.03386361131271
903.8190634870911
