4160.920376126876
806.319026779704
404.6250755356608
3197.9948714389343
4164.800621899929
2660.7132968821534
3800.271568952321
4529.519683432993
2949.4860035240263
-431.71713763596836
4247.0126987738195
2407.9358512911067
1740.9709192306807
4369.271887454057
-282.11788216648284
2803.3748370428593
3268.6112087340116
2136.0734476152147
2110.7996967010763
1623.8018419954597
-117.80574296738025
1315.871198132461
3072.0198053068953
1998.9301749879676
1188.5157847801386
3521.411208734012
3756.23958077303
4231.885039539584
73.88286236403164
579.4828623640317
-7.988918629721106e-13
1547.5911623331335
326.6828623640316
3632.580822628469
887.0518644908817
-178.91713763596837
4596.517759535896
2503.3337033885764
1063.071198132461
612.0179177038415
