71.09958771915704
-169.68040033143313
758.3999999999996
-243.33258343820208
2512.5829669525997
1516.7999999999995
1228.9661363886878
1716.4699545129101
-287.83386361131267
1124.4576146540735
470.5661363886877
-35.03386361131264
1769.5999999999995
2776.750213662074
3064.584077273387
2644.748462523691
2846.5155830431036
2674.614801210908
1011.1999999999998
723.3661363886877
2166.509073674714
1481.7661363886878
2022.16518640573
3019.598768233761
976.1661363886878
2342.0942399412484
-60.00177195550023
363.46435508874157
505.59999999999957
2269.239514221545
-4.556601548543163e-13
1346.3911113355048
1734.5661363886875
217.76613638868764
1986.606258501543
2495.621656553245
697.9439574995331
1263.9999999999995
252.79999999999959
1992.8331858595393
