3153.600621899928
3715.9868633705987
4164.800621899929
505.5999999999992
3480.5323483823486
1910.2164920286104
2342.778029974089
2794.0042223467217
-167.10786228327802
2281.5310151828367
3659.2006218999286
1516.7999999999993
-7.931679543403639e-13
1786.8745190625734
1011.1999999999991
-271.8849133042537
3912.000621899929
1263.999999999999
4217.163639938043
893.3642553767127
2724.5089240289035
3105.673201590742
252.79999999999922
4450.541951486315
1399.0171823342666
2602.849291513725
3980.551613750661
134.96425537671277
4596.517759535896
640.5642553767126
758.3999999999992
1146.2155098070289
4269.52334858512
-46.07057967199344
3406.4006218999284
387.7642553767128
-431.71713763596836
3465.7547951251818
2009.426952628569
2324.7372748014973
