102.7108939227064
757.8434292192674
1535.5715762067437
298.01669234124705
2811.7840772733866
2558.9840772733864
658.1482930212616
-61.556981705734806
1375.196307779097
2306.184077273386
-202.44280066384067
2294.1098383497288
152.54829302126174
513.7988024562198
3010.937554699228
1765.5502136620746
2018.3502136620743
363.88215353009866
1513.6461165309927
1261.742021531567
2046.5366990351197
1797.134978596967
2523.9502136620745
1800.1815941195678
2659.688557547399
982.6059329668608
-287.83386361131267
-4.800850613960697e-13
2271.1502136620743
869.5963077790974
1181.0719635298472
-252.80989323766545
3064.584077273387
2892.210511268805
-144.3233601983669
2776.750213662074
2053.384077273386
616.7963077790977
1122.3963077790972
405.3482930212618
