1565.8175858989312
1465.5271334650488
4596.517759535896
-44.42809605312309
-184.47965086429605
3794.0920321467
-431.71713763596836
4532.935852675379
3304.8824013799103
4141.034098977861
-78.83792640264934
3287.7564676945003
2287.3389579421296
327.7913211722374
945.5697738153343
4162.4041776811655
3718.98093464115
4333.457435873825
1980.6697980909496
1090.6827636600387
2698.093130293658
555.2540998507397
1212.0497146164678
-367.97031873353825
2093.5821070444267
651.6711525813773
4431.965186227134
477.0330469042912
3623.3431591472713
2415.067953032122
-7.885359032400174e-13
1856.3618062757484
2939.3761110954338
2572.701550984767
2817.1618130973065
1735.9236862191215
-268.3181007339369
3263.5220657526943
925.849135825341
4243.874777276544
