2523.9190623182094
866.8237565279645
3826.276972752643
4164.800621899929
1468.609402977937
1481.3438784143223
4098.897225505858
3708.4651733052115
139.167117118413
2952.577167678366
4374.721487500693
3365.4810547068337
1792.801515700717
4528.173477571053
885.7621098149735
-178.30384501068113
3912.0006218999292
3648.812899772351
1811.8987845212816
2174.3645912246925
-249.28083302125177
2328.83590551834
2892.4267978247954
2815.1794491716605
1820.5249368707568
4233.516028050359
1191.8831107565004
4596.517759535896
166.43560466075564
356.94534928923025
-72.60242768710641
608.2570892859467
2064.162668223236
603.7341540548947
1088.180444763827
3060.430555083953
2479.0977949951007
-431.71713763596836
3382.3572197484837
488.07858947117273
