3481.0884384548076
242.3111763008194
2202.3432294758504
4014.2842364050975
2968.2815342807094
3517.628798474301
-431.71713763596836
4344.070936670786
1736.364758378515
3357.7148314121414
3843.535577298355
1762.44196259388
3222.814972188798
1040.3878994581582
4164.800621899929
1389.5927791641584
4097.093848582386
2099.7694195861286
2728.623603663952
467.0416548056315
-332.8234401892039
3.424537956604519
1169.3924000938348
362.01626139876447
2604.128360344178
2218.5574534371394
4349.292122524629
798.2708595299575
583.8512706700762
707.1838115340681
-201.9540938929023
3978.875154722857
1295.5109930069555
19.35778963090676
3815.5447903082913
2720.714460683185
1654.8691120775889
4596.5177595358955
4.379416809983319
2352.7831292161673
