149.9233847208927
2022.3999999999996
2523.9502136620745
2018.350213662074
1666.82936840111
252.79999999999959
-118.54630813509141
2956.91851217676
2306.357103763062
1768.1136849412082
182.13233374107477
-249.10435906499802
758.3999999999994
1972.0479492111454
1263.9999999999995
-4.2679435621406216e-13
655.6293684011099
2893.5640966648343
1414.02936840111
1161.22936840111
1516.7999999999995
-287.83386361131267
2702.243651307704
3064.5840772733873
402.82936840110995
1562.1856462354585
2275.2000000000003
1011.1999999999996
2698.024933787755
832.0606598696089
1156.3991830199698
908.42936840111
539.6722641368214
2494.8936613287706
2271.1502136620747
3021.83711646336
1769.5999999999995
2776.750213662074
-57.27960844531327
505.5999999999995
