4164.800621899929
1661.5610499076379
1408.761049907638
4343.717759535895
1914.361049907638
439.0274957301341
1512.970468377987
3558.997448411641
160.58126008913496
-80.77517936074352
3217.833790886985
2503.003496309064
3764.209975468194
805.1871112778811
2419.9610499076375
869.0189153680723
4360.794970271628
2672.7658375031156
4596.5177595358955
-281.83284804622707
1823.1034383861559
1145.9190566532934
682.1017369107885
1155.961049907638
3215.1242013853325
2818.973642785062
2204.272830952523
2925.5706251002657
3222.2320813317438
2167.1610499076373
4090.917759535896
3838.1177595358963
-431.71713763596836
15.805613691065641
278.2031991015188
-367.10099150821577
-186.66937276213733
3912.000621899929
594.4271008965583
3557.972420763756
