674.6384886399203
2914.698107969038
3847.420298249097
3967.692216651739
-158.32009460562375
1211.612738103403
2408.080660199892
-354.8990214112882
937.0423157014088
3125.2978846659726
306.12781353008864
1800.7631212653257
-277.4128582897129
-431.71713763596836
3517.8328202830953
3639.6314179099613
2786.414898087427
2105.9834451691104
424.1020514323194
4164.800621899929
4596.5177595358955
3519.978892125254
4452.151227872904
4343.717759535896
252.79999999999922
2250.4537623375923
1469.931825236265
2558.034474467311
3248.9619656687955
915.6780062116344
1908.3308513562
1232.8979859794888
4090.956073656749
-7.971401316808624e-13
575.6319775043725
1591.2287970431862
2682.5685388357506
121.90514674060617
1509.5238944913947
4152.852169779383
