-228.27501651514683
356.1706407590166
2811.7840772733866
2633.4040141352607
858.7078004108378
119.29405920873276
252.79999999999947
-108.14519041462033
-35.033863611312675
764.4697713260807
2984.0771527161623
2504.6634547283434
2776.750213662074
614.9458486679296
1667.2293914957525
2836.1853852218956
2822.671275322614
1920.0293914957524
1205.3138734316408
2239.1962821658935
505.59999999999957
1017.2856455551846
1775.685645555185
2023.2440018344805
2281.2856455551855
217.7661363886873
973.8451833708167
470.56613638868737
1522.885645555185
723.3661363886872
2387.687918371667
-287.83386361131267
2028.4856455551849
-4.721053334065764e-13
1270.0856455551846
1142.0754680863233
1414.4571635472757
3064.584077273387
2534.0856455551852
1789.2301826907421
