2326.220054971027
1315.0200549710269
-315.366664219299
4596.5177595358955
4164.800621899929
-178.26298536394089
3247.1944255760545
3875.113308979189
3897.5053887448553
239.63455158697013
811.2445330635699
1979.7066145032668
2850.2705650161906
3908.768788984857
2840.944346175474
-72.00262513235964
727.2600033581825
2578.7606114092187
4186.981303805946
-7.724376693829527e-13
1820.6200549710272
2073.420054971027
3414.8906091364815
1035.7131122708327
1726.9066145032666
-431.71713763596836
546.7522208503734
121.8551354894263
1567.8200549710268
-175.55857091272114
1158.865111859182
2239.4243434545265
428.7234046963398
4415.904523887647
1473.111273813615
3469.4848809129503
2554.523006224714
3589.5894684212844
4343.717759535896
3141.978269516401
