-269.96013124429066
4596.517759535896
-8.216514349769263e-13
1056.3822336108708
3034.877863828151
1000.9057796046444
3273.532310478152
-34.55292530068428
3655.3132011692906
1635.0788006634978
391.80944461572574
1459.4233751681168
4249.179323181787
1560.4345030460297
2917.675976585555
2069.7036772938122
1244.2936310766015
3156.8332903925702
2041.4364969696835
3386.1342989867344
577.9249412237511
4409.033347697603
3896.8672010027235
1770.6593566587546
3977.5246873719216
2559.4845198033754
-431.71713763596836
4329.8793831600215
4164.800621899929
827.6445272746073
4478.866516232755
2682.067643731098
3541.3585815260835
-155.99740824348513
4543.016885608507
608.9371615720725
253.0972005849692
2172.5608175652774
2119.2916648621763
218.95576510368383
