4036.2283892800747
2490.8435761051796
2725.9014243586253
474.62056914727503
4267.172822708979
1204.7831938120735
425.01574330291714
-266.37818211227244
76.21846282487654
4397.187165026782
1277.3817880427946
845.6783663526977
-7.782663402622347e-13
3650.4398644086214
4596.5177595358955
-431.71713763596836
852.702206420636
3883.675324996406
-178.91713763596837
3420.699945059794
2259.402208326652
1658.3295626155975
1988.0559637558906
732.2477373743916
463.37830003797364
3677.457328086206
-132.50637247680834
1068.0143827896482
4343.717759535896
3543.792814740108
3068.676570356738
4158.338509361042
2950.0946436975005
4164.800621899929
193.55966164787785
1541.73279156985
2496.1143523711985
2066.998345434077
1973.9313698760534
3185.257316157699
