1864.380999511115
-287.83386361131267
2198.7362169185603
1613.997836049402
755.1875330114526
754.3502136620742
252.79999999999956
2622.780999511115
1363.6146725876888
-77.75063080138524
3028.6489527734075
3064.584077273387
2271.1502136620747
2843.6825383922514
501.5502136620742
2369.980999511115
1765.5502136620744
-4.412272555341892e-13
1438.7467346874491
248.7502136620742
390.910618746366
1111.9405952957454
2018.3502136620743
2117.180999511115
2919.4377131230426
2776.750213662074
173.8978380782014
1512.7502136620742
1007.1502136620743
1118.7979676102846
505.59999999999957
-153.39827044242892
-4.049786337925809
1259.950213662074
-238.68530314088406
2596.7676652665045
2853.0116717284245
926.0128035003459
2523.9502136620745
1960.4267888542777
