2672.7352682694045
2318.167821953719
1960.5647130070656
465.98254988302597
1295.7718859557694
876.5278293082279
-4.4788859368194013e-13
1117.182851896089
681.9411033078316
505.5999999999995
1413.6777738259611
1534.7327156072893
-101.95409385665725
1181.6871802809349
2112.385430245363
3007.755963046238
2892.634410237079
252.79999999999956
759.2020887531152
2776.750213662074
2137.4516121488177
1781.1158726298343
217.95534455129234
864.8091966322283
1610.3792791261037
1121.7837945535764
-287.83386361131267
1964.5851617567273
1710.8242620715546
2523.9502136620745
2380.612855573695
3064.584077273387
2811.7840772733866
2584.24893830148
-35.0338636113126
-209.69956610731344
375.53670302285326
117.4084249773421
30.453926724555217
1457.455970120488
