3006.2181025703976
4343.717759535895
4164.800621899929
1991.9181132932972
1524.3115959300121
1370.6246535385476
-431.71713763596836
3836.349286861545
1837.6577542953492
345.41954187401984
3074.921873795767
-7.8373105863105e-13
3857.763184778037
432.28985927671783
912.51903851096
91.62615888490345
4296.9110580867155
-279.1947722055894
4090.917759535896
2406.468215617704
3580.5218737957675
531.6133636521623
2822.318467332061
2570.5379487308796
3301.541520514683
2077.535182166474
-101.29199495437308
4596.517759535896
9.070478298789613
1129.688786468155
2720.459827723744
3583.5313267302026
-178.91713763596834
826.6205699204072
3327.7218737957674
1140.0657995026097
649.6231193920792
1605.0838753072203
4442.02550896557
2321.9495709629023
