1265.0536979247315
1025.0035081992999
4596.517759535896
2034.4487783948443
358.52644131976695
2485.6804317145575
4283.173959779481
3267.329507828341
3439.4683684055517
-431.71713763596836
3486.967623463322
4424.832507978254
1386.0854549917792
2622.277906082769
1907.4384897005812
4343.717759535895
1144.143790451641
130.41792682962415
-369.46984135408263
2204.084364183365
920.010056229794
2607.8048305789944
-125.36298954994139
-280.7181145281507
203.61651435203132
2808.8734687921087
666.7171281946269
3786.5221247965537
2958.0699502903717
-7.882583474838611e-13
2208.9007659857957
3786.013160045491
3135.8559273072105
1696.5091045054417
530.1541309772058
4082.830762866286
1592.40048737396
4164.800621899929
3800.4148085033476
107.38877658742182
