786.8566118467355
1443.7441411508498
2923.2802560468963
306.7581482696349
1573.986750265756
-189.32513166529898
779.6649074334022
2976.3176111962507
2528.764410939958
1032.4649074334022
2870.5283970296614
3064.584077273387
2051.131440550696
505.59999999999957
1041.2088940564586
-123.30544145012622
274.06490743340225
252.79999999999956
-61.806963232581595
1825.7626429569384
21.264907433402303
2077.258256637222
2776.750213662074
526.8649074334021
-4.612112699774421e-13
3028.8087841583074
1798.5587003892915
2819.199043400219
1251.5559956551858
-287.83386361131267
1798.0891026490187
2303.611937594343
1292.4891026490186
2556.5575689899993
1039.6891026490187
2302.7232712258583
606.2352909385695
2808.7903168324774
1545.2891026490188
-248.82424256927771
