2359.526250899625
1271.7019724601537
1524.5019724601536
222.35102706801072
1106.8706481657298
1636.2689166422924
262.4420044411073
604.9470912001807
2006.5330989342983
730.3156816880427
-287.83386361131267
-4.765632333203484e-13
2967.7233837945505
3064.584077273387
1563.373891986534
1777.3019724601536
2554.0671257442086
2523.950213662074
2146.998079443179
-85.30967862252446
2271.150213662074
1236.0698762115214
-115.86586024317637
2282.9019724601535
983.1156816880427
-257.0129036495592
2030.1019724601533
2668.987429571781
1838.8915738058813
477.5156816880424
2776.750213662074
67.60805108666247
381.838104236343
2747.12250758298
678.6729455634868
3020.878614240949
727.1322799909392
1399.304899509289
2856.561713271095
979.932279990939
