2610.675115715819
-240.74661119580665
3009.8226732986413
2166.18466203709
-174.29298598453616
456.2441953847428
-4.767543923221943e-13
2126.6049492465663
-92.75586285986913
2558.984077273387
119.84522962071212
2811.7840772733866
1233.9116279693624
2306.1840772733867
1547.7840772733862
1044.219743444627
642.9822241340455
152.3136885279833
252.7999999999995
345.31614894826765
3064.584077273387
1410.3065324106387
1024.8186144047772
2776.750213662074
-287.83386361131267
1294.9840772733862
1692.022626785879
1930.5837664171836
813.1310267951055
1810.7495936713556
428.15988821190393
2853.5714837051664
731.1304528429666
2385.6312913359097
1061.5969963117786
2053.384077273386
2501.0933938929275
1800.5840772733861
2918.3040184289766
1454.947684058028
