2114.9441107362723
3786.125354124816
2205.042100820528
3322.945171635049
3446.4455612448482
73.88286236403164
-260.6157359839834
1037.6935153730415
-431.71713763596836
4305.827324855219
4008.2418625862
3682.373619927831
1000.0076330109248
1404.9896291982818
480.3612160055716
838.0411947051834
4164.800621899929
1835.5849661028888
2912.2190925347313
1833.4109139943055
2554.257681153508
4444.158709564931
-126.03785380198941
996.2045317457541
579.4067059769011
3008.6377446030683
3221.2685905687936
326.6828623640317
4596.517759535896
-178.91713763596837
2791.439110615721
4529.433021218772
401.6951347558662
4067.3801056712773
1440.6130172546912
1712.13151795492
-7.693845560652335e-13
2450.1258317947104
2325.7453965203463
3801.9293054790596
