4688.69405515137
836.0219701993835
4688.942175658916
293.14419943210265
1459.2849013184486
1917.2773840346347
1172.2162888671899
5820.1849744342435
2959.900171868061
4156.888697384843
3685.777494716083
380.90656729492343
5263.7006602414895
457.1890154251405
3521.4587232102267
1712.268057528929
4494.390219774423
1022.1960105669637
1299.9554900195762
2947.37537457672
2498.8903674592525
3964.1673868204675
2021.9596160559615
4993.79415714147
4009.520098829117
4031.622316038595
4824.845307266125
3476.7035202584557
141.30571556973672
2053.2439443787057
3136.1023671683192
5250.773842730269
19.688700857996686
3849.7655879649465
2895.7372112214325
4149.661902105689
3189.4992487392974
418.98814901536474
5606.765405108972
5703.965487731946
2900.5106382805598
1835.262662853028
877.0753457364016
5654.427168129045
4129.944948987988
2647.927612458554
108.26915882632038
562.8330812408763
5451.649467515101
254.31675504423117
1950.0014891859066
1797.4942625325593
78.74233945618819
4929.745740785182
652.6055010637708
5413.997234912077
2447.9579802069447
5516.610941535835
1919.9485756328572
353.66508269958786
5199.892144944487
49.21552015709247
5139.21119460869
5874.8690919420105
4932.0290882392155
2841.692345497667
721.5148618807616
515.7183139221313
2363.249143173396
176.2644193188999
2648.038809218702
4309.626340975484
3442.6313148356558
216.81615373380066
2363.063124033105
5502.141529820177
3932.6406372961906
2130.535307707589
3040.4846839410034
1586.560542258458
