2621.109983166969
349.48854325302983
5714.231760805555
3797.2206038395843
5495.675908101493
462.00369903765073
3868.902129022929
4703.6414723152075
4336.940729328795
3534.0480289813263
4866.044205298382
2912.8943448971295
5577.526145090076
1015.0586392948361
976.9731479383846
1436.461803841926
1926.65059770603
4171.735474380115
2189.808585826803
535.663412842907
4467.259276995934
1095.585535592743
234.16564792338295
576.5937635012912
5284.085358595314
1339.2231080094396
5595.956570267125
5413.997234912077
2740.122876503021
5669.6331914473
486.83291324904275
2539.596270837194
2724.6780422248157
455.51711672250866
1194.8701998023491
510.65478331893655
5104.877687964136
3949.6044826877805
1042.3993628501107
19.688700857996697
5971.812757374745
3352.7121441295067
1569.3950725308082
1585.8551333200826
3459.7631714407025
2058.58592615769
3771.19875568691
3616.8391703632524
767.1932534528236
420.80495447533815
4972.003600141782
1815.2587415083435
307.9029772417238
4619.77145819408
87.37521407000784
5075.633746860283
5913.383256986739
127.9917054916025
3486.3837162432665
5834.277179580327
2695.2510897455727
4205.306712439121
5343.370527360934
5400.586495402351
5374.687949804193
961.5486580467073
2317.023192357073
636.3074407747868
560.9422728093186
386.66059738980096
2679.4542060135227
984.7784235076655
1236.3752279363416
5219.804309369874
71.45913260997665
2997.033397889895
562.8330812408763
4270.913349336213
4120.742854737653
1027.8567004758388
