5676.570567080684
924.4975054076997
390.8913202691574
2166.7777224650827
3576.8703554011204
435.9041309473843
2386.124368987957
5888.882209433317
4775.1140557663775
4139.132921592037
4507.042676451447
181.02608169661266
1182.7837638276458
4413.755337930744
1640.466924383058
5519.633960417658
83.53193982632227
5485.295810581215
3028.0799809075643
3489.362326689982
19.68870085799669
5301.38580461124
3251.5102547168294
628.3456760196879
562.8330812408761
1863.1727158252484
2244.7290715247755
5971.812757374745
49.21552015709242
1408.4726070842758
335.5917811293046
2908.2001746170745
1300.6021748384255
4213.715669555036
218.29747957485137
3942.269164533996
5153.104604663486
4629.347845699669
1058.2847032270763
5762.965835328669
2639.2793178999173
5009.715235857173
463.8584138326272
156.02359499032892
1801.8850883552866
2196.621649276748
2062.442438497973
2356.7427510010266
532.6964140511496
5557.249100774019
3798.526226245599
2752.5623922603536
2440.284427580443
4377.271734102009
2481.397840340114
4307.559249977469
4993.771433532066
416.77225249037514
3013.00923965191
541.1164465429304
3688.172990568926
5929.503033003279
1504.777957555174
4339.653931449765
334.06535847394053
5445.005287614002
613.0906855825169
5413.997234912078
3563.7702977893377
842.8583841792752
1204.0496917747896
4008.529166728069
3740.749799070532
5175.6817830611235
3492.308388957613
1374.8915681653486
4238.394303061519
276.0394670253831
500.3203147328618
2443.4019992185995
