300.15199469910925
960.1384136727808
1568.7068736515355
442.83354082815424
2501.9163429349423
355.28796071122815
3003.3181408364408
5203.046278115012
4189.878972737138
52.76090167264459
3075.255375566342
2395.941497835097
5145.958098181737
562.8330812408763
4685.321602808362
1258.552707973873
4125.322865259042
5173.235982105816
1565.9650413782958
5417.918510897361
2567.7430628069806
5631.735412062273
473.6192312695915
208.17568242130062
4156.267750629823
5791.953065786342
230.21276802927338
4740.009184990133
2725.020240751985
1444.9734933225886
2600.373676129414
4752.92291298049
3080.521960464416
403.2558728299355
4137.339702487993
1599.0504096459356
5715.649708681007
2866.7879980034804
1684.6378292843397
503.7794426426848
410.4006566366603
1116.2607307520163
1533.057611348278
1070.456616194162
2784.807276013231
298.7556234368133
1950.9109632309587
2128.09862583987
5901.862225962796
641.9091032493196
259.7395873283692
4431.961130323169
1442.0355138430932
170.951491575095
82.28772097174033
141.3413595699319
2294.244738162591
111.81454027083616
407.5611067940744
19.688700857996693
3866.4355862814255
771.0274324124317
2975.4601155303444
5971.812757374745
3300.5906658184977
2098.9564571372744
5847.793097994677
2440.6585214567795
3725.5861511942376
5487.813694352304
5551.494791707688
3665.5119308922376
3711.0294966045594
533.3062619417806
3511.3015221080022
987.3957404486403
5413.997234912078
5043.344735232755
2178.2449372245237
4341.461429666343
