2591.2757630557285
3540.3152592316997
562.8330812408761
2120.447166896316
4008.642363036701
3738.9449631338857
1794.377561065505
2906.190785343763
3646.1782183133637
3055.039736980757
1203.5982583651607
4189.914596173422
4544.545764525105
3390.4512278723496
344.21762673184116
5971.812757374745
533.3062619417806
3820.01360941837
4563.7423674769
2519.331870938961
5921.295005997289
4480.290635279954
235.40436935656453
4908.795986405298
636.1102803699833
1146.3950576246411
5810.222200610851
5056.928455331687
4353.849380819124
117.53836548274217
1839.0276497406478
1466.6900775359431
5858.331676690668
1969.9069201987536
3199.7399178594055
4661.371327245921
278.02276799441375
2804.9312643260782
1742.2224551942018
919.185962548155
4163.32128890804
4214.9455945980135
5536.642909170907
5757.3382150914185
2964.5753639644627
1528.1539353212927
5589.853932259164
5712.110696405121
19.68870085799663
4583.154654055336
5046.51476683198
2276.945931006282
2902.530154640348
1627.8772311337982
2667.6738080027017
2047.1513075751895
3772.050770210151
162.04582234406362
4988.50973939484
272.27261604697753
5141.718218136322
83.31386610340073
2961.7544376896053
2616.041182800979
5213.146810409809
4363.598905077684
3919.2407423656377
503.77944264268484
720.5359967630237
1191.8107271279107
5665.127679356039
5497.350697507274
200.53648458032933
3520.1818137745477
459.5381909717739
5413.997234912077
3142.7954337472866
2363.1241613378124
5457.582579009299
625.0763760217158
