2529.8691846708307
924.8516931366133
2657.204282063563
255.61460432111568
1686.456982453228
5184.099055937872
533.3062619417806
3743.502317110317
3405.6717221428107
1300.7068673038448
528.7085083553035
903.104839463915
5110.149593850765
296.1521776552269
4458.948053133745
4392.100191120548
562.8330812408763
2491.4165503182953
4537.639477395231
5061.108647340975
466.7536965402627
2696.4778272355497
4476.216254572978
3075.808158577078
2772.807028716659
2201.6920538513214
732.4613122937351
5503.209331136157
4721.915426152913
5558.842252299404
67.82109056419736
1883.6042460977028
4151.835909431188
4478.061680406019
1850.6366688181529
3385.414602945182
5854.63663909816
3859.9078270088903
5139.498536805839
2436.0904656509965
5450.70899941877
384.14114917331665
3015.600366781916
966.1699502969652
5814.28932616156
4402.997788999616
5756.930157190063
150.7410799600734
528.6603571367881
3900.1124133079857
19.68870085799662
1108.2801289089464
78.57868082091412
1976.3173532778883
3855.6417886056984
5802.6481217755845
110.60875462648835
1541.8426419200307
5603.240866400114
3544.9403560151363
3286.4262718681293
3165.8692116352636
3979.164786574386
2060.2918808236836
1141.6769132116938
2242.124330112795
5413.997234912078
5315.023882953086
1439.7164369227482
345.6850578111809
1709.5835391544388
5971.812757374745
2323.692158652739
1223.4307706070579
211.8311409693307
428.02277439003706
5672.16840990534
3006.0761435213703
4495.130125058207
2135.501982060913
