2362.314490747231
1446.4563526717948
5612.740451259478
2211.8543013408425
5888.176164494897
3471.22520227982
498.6785515465493
2884.9159734008626
2925.6450580463015
5971.812757374745
2594.194444254418
2781.2771890557533
4982.399966696618
4394.569117847753
913.1548181204735
5479.873551444063
2823.9816015254905
2137.9278835774094
4384.785202018814
59.28708565037475
4114.406296362112
1163.5710953639011
1939.7502903407676
353.7226672530193
3597.267923908008
332.48786734103294
5563.647496960964
4961.465808812434
3518.3612583223044
4518.641804269615
562.8330812408761
2996.418855848346
3973.5844180785143
3165.558972839092
5675.75397221147
5815.196771624641
3390.159476340622
1691.5993562913434
1956.8456587268229
2005.2997703632782
95.30397926231716
1347.7430019842816
4167.522365812254
435.8376798110778
508.33898734919
5413.997234912078
5525.401775204857
3132.242160608891
224.57259711037264
1418.417520996161
531.9020315718722
5529.627600995783
141.24861164564555
1557.7074001074507
4257.763070349705
166.0902326241224
1024.7261061275626
4972.319632087676
309.03121473381475
714.9981989329885
1552.1664632022666
800.2069088091163
189.80998377696568
5002.351853908075
4653.3932492603835
2890.5736530902313
5448.387417570321
2531.903105285
2021.769683817252
1250.3514480927063
5212.733132774533
284.67155133390565
5430.532669518724
3776.7523129519523
553.0138933201305
389.70120255624016
3412.664956461335
4784.07723715907
19.688700857996622
4466.791361578069
