5691.097958374392
4867.579869179217
3724.6314223647237
4267.247074346697
4416.325892927799
3907.460275949424
49.21552015709246
2850.3865218594565
753.832266853286
1841.8260757057694
4058.834816725832
562.8330812408763
5476.08843602241
3342.2802673002316
196.0066432908078
1166.3867283186175
2414.21877381121
4125.059380181232
583.6633734072922
5971.812757374745
1057.893429866135
3076.3683696715516
3018.9098748910183
4950.909950175244
4361.417563068186
5444.413565148485
2296.681205086973
4987.08179067271
289.6274532089497
4221.031035636886
593.4594114669992
5035.715217610457
530.319984222873
2006.824395042208
4162.689820902539
492.84864941736856
1750.2822260517248
5045.480788114965
3576.6775826542216
131.3557887572927
4332.498316668101
3066.0178343592383
5900.7764933940425
2649.2748577299785
248.59618690812846
1961.7151425573556
1362.5136179228325
5484.374638995636
84.11055639927204
5547.468086320421
415.88652029099535
366.7060287014241
5079.329304635087
3774.221484191025
1248.1548279865897
3251.944836388677
5132.542615875819
2912.430304508852
907.2419851935239
2372.1720113970123
825.3679313227328
4283.2557519628945
2435.648002891566
3771.2411222653013
2992.106955468434
3527.384885464062
19.6887008579966
2857.979129922883
2104.977993714622
3679.93741870781
1525.5669667117818
4682.191593556097
2482.2598778564366
3127.9011891980126
5665.7017568962565
953.935636565486
5813.463907329473
5259.310409655189
5413.997234912078
1399.9831760583813
