4979.831484275152
2870.6207597883895
813.3351876633595
5867.943771074539
530.4805118260673
2522.652411861378
4769.995753368925
4781.940056312946
1699.9150205541823
3017.8968312368906
348.27264715452134
3681.09264372895
1370.8569825964194
662.2659858179104
406.89756495279494
964.1917834974097
5694.984164219676
3548.7757153762177
5531.945092815512
5579.800500813355
4845.49879181147
815.4881506941546
4131.70534866352
1924.8814090764824
562.8330812408763
5107.80707691079
3287.7024790853548
1780.301103870346
3390.011863561806
4310.701365875972
4753.309707303842
4494.549624934478
457.8155505372507
361.24726020445456
5815.11498558668
4223.627979787292
4837.453130907248
471.6987195241517
1785.2343521132457
4852.7211751969135
4166.369835764527
5479.585929475634
1903.5660353883245
5445.352076442237
3300.5868814322735
1269.0349413052843
936.028583693344
4867.675564383049
4077.984557758752
4661.0231597966695
3660.9410506927306
4990.020590393452
1386.3391462089526
2274.572019329326
19.68870085799661
5623.879654425735
5262.222982594369
4369.919261388777
237.41433004577874
1261.2568230378145
2322.8004909464325
1305.529339600415
4049.7514232076496
314.17566388230233
5161.150582497793
641.7692188960611
5413.997234912077
1858.7052276860513
5909.8068398739315
4803.282726463111
2042.9957037723193
596.3125044648128
2186.4064294712075
5941.396427138338
4317.932636895352
79.39052872226837
1944.1387584363113
3695.4671765596713
5971.812757374745
3408.945633414185
