5662.095329194858
612.8226516812286
465.4227285934906
49.21552015709247
644.1792556539677
353.5820382414227
2329.690086082559
217.51554365224172
423.44075181469657
3938.630994626762
604.0850289595751
684.0089935287865
1178.9063352687526
1761.6504227727542
3135.3452396275216
4529.567981057636
310.64965758377383
5705.976333485902
4258.536840981172
5573.910693647403
3112.8516989663426
4831.093336418198
5413.997234912077
562.8330812408763
4926.8863174154385
427.86695077664143
2473.065547797417
3187.8194162672726
5522.087644782143
5648.664842873002
2015.8774674358076
4416.961907913288
108.35352364937025
1132.2840196843727
3625.472713497259
3319.913806683449
5466.83536870833
5168.1997427434535
4962.5112519444
1098.3833305604066
5127.246532032244
2962.104016943294
4352.5955086585
4666.7035086493925
543.9767224968298
3546.4235149935917
1097.3278362029268
4248.901797197067
1684.8797884211008
5226.299868011775
2306.0491045345657
3706.3649596951386
4957.706962112109
1265.8063629807853
2541.0293529100404
843.700987829553
3652.1413022158567
2411.0603543271754
5811.6539754805935
713.5334612696754
4060.6342497701557
2129.302425501054
78.74233945618816
5684.990604894915
1778.6490747696625
19.688700857996636
1671.117947014839
5971.812757374745
2073.723084490584
257.80536025046445
2793.820963518351
2339.292157413457
5141.7013992438215
3065.2835360632907
1027.2607874299401
185.031501328006
5015.401249530394
5839.897243964466
5274.3721963360085
142.25730930498386
