1210.6648455281559
1533.6459420466972
153.71510736675367
442.41102025161985
3039.971237830469
5803.16988510578
183.96274261106737
3881.1347956530717
5538.396154460599
5413.997234912077
291.13438481878075
898.7133479762532
1684.4312283594595
4256.826497236847
5487.952301448572
5604.908325828046
942.4872700261334
543.0082338386012
659.6555943591751
5445.607424642659
4354.869381935287
3601.8377740532223
19.688700857996647
5153.279433861726
3120.6727553892056
316.5367470904861
4641.439839696941
5529.784136589657
1409.0348046726765
3682.2913429929786
3013.134130681835
1832.792939085702
750.3347296643307
3137.1826590467003
2215.1167628899457
2588.9395803265443
716.2958744977794
562.8330812408763
4860.40059708099
1694.6457422530782
2476.747825591166
1229.6568063842399
3604.5907545149225
5661.83504052783
61.89419691459939
5929.172791796043
217.72897855950094
4560.334351714524
2929.76367181512
272.29206471443786
5891.526789085129
1346.6984361313623
560.8566523725544
5419.368801069121
5060.18006705419
3906.498020132544
1859.9651384826598
5581.731225162372
3558.402416592685
4986.00795398852
3533.1453503623743
3992.2327100139055
2096.604642382391
3165.263962572816
3143.850486171461
4017.8510647893177
3148.636463606207
3668.087342654039
2370.193625506863
5280.944628856694
4789.943523307436
1182.7810219200142
359.6471461437312
4563.449982075307
5245.6299584286335
1967.5820464816748
1569.7090897399662
4151.922998148348
120.15480390002679
2649.597545532348
