5971.812757374745
1591.6949956857466
5436.523855867976
2058.363254837801
1697.913770443101
3835.379170441055
4180.6271342624095
5758.717139189213
3409.2954774240156
3201.402284047871
49.21552015709242
4852.664445719769
3597.5392826087846
2553.983606781331
398.2894545212559
2951.853982626719
5300.441715227651
4064.74351621159
3675.282595193443
869.0228311269548
3055.3807797135405
2131.0346926360075
81.37532247757746
3938.9022100172792
461.55340554278064
2853.2859407456685
3569.489981879929
1549.0192527263698
529.9427093982525
469.23981105128894
1184.9866117444133
4747.510102818094
2784.9799871210557
1011.6594903368401
2887.6705266088106
5461.449849139224
377.3185953180432
1035.4111359201127
2253.010359588348
1156.9323674712073
5863.522953276683
493.9032447723147
1862.1993044662522
292.1237956967204
5143.88755145941
4637.874119758036
231.83193575882015
413.32359914572015
5615.836248427749
5148.424397422396
4228.83069819876
4969.824547199809
260.5181227024716
733.1823933296943
791.4630598611081
5003.519579763027
5413.997234912077
4815.160704419003
4340.142569982058
1120.7324817857468
2368.2278369354544
5166.152907867083
196.8882175776366
4460.391994049468
3528.1567047341687
2922.611485924824
3956.8558364120245
1532.8836927463706
334.3010707458727
3545.712359756926
5083.222862886771
5170.132307849597
1974.8541365245226
1949.4181265718935
562.8330812408761
19.688700857996658
112.31874387160241
4365.869951759627
146.1336460583431
4831.074117972803
