2969.4105069796683
4599.096261016553
19.688700857996693
3687.2145276470837
4268.217040077218
2507.8330183563567
5012.753332829433
4413.92862321945
1800.2435865790458
2106.723329213369
5052.98854992425
4135.374239958949
144.64569586217854
1228.4671199385523
2206.2711918645114
411.6132250685084
1718.7639402914137
5850.887640590255
1177.1150420946196
5496.924599255819
5051.209040278728
5749.545507287795
896.9299382151269
2464.613647764677
2496.964595371001
3010.4402145224144
833.294385597085
3850.906416037472
5600.304665028962
594.0665167305287
4925.452843947352
5802.442986360552
790.461842341458
3371.005977662465
2070.771593404838
2281.528199907068
4314.056862787761
2893.815367743598
4057.5422950368584
428.22521739974866
1827.9574316422104
3038.4441079706057
1607.6299306962826
5552.448865916053
513.1935210370607
49.21552015709241
5971.812757374745
5413.997234912077
186.81934428081345
4885.641949017884
3553.365475343081
470.52039153908686
1645.3509055602578
108.26915875528397
2832.8382954581953
1469.1626373488668
2289.290142137842
1370.1240610260256
2638.8930870682
5453.938504033541
3907.0037996524634
5671.105749248986
4435.782300521597
3777.0029319019986
5893.931127250417
5417.9254364807875
562.8330812408761
4909.920081829216
5932.740619084016
1277.749494539196
3369.307214512408
828.0531301729459
242.5625179891284
2428.5099364478365
303.6579204064751
78.74233945618818
5626.145517291481
264.78554528714403
3942.179488060501
668.7087320974343
