73.03456508293402
4668.283191669619
383.1466061053236
5096.684764169921
3729.7560605140743
2818.2953398349723
4260.102625678172
232.00433085786977
833.8711780365993
414.6959807747541
4049.2275023625284
3832.1896913409682
3948.2247021080507
533.3062619417806
5482.0630012150195
3896.622576081893
1789.3556003606113
911.0519577645165
970.3947668518236
19.688700857996608
3435.149631862847
4867.9251974364315
3191.040520746612
1473.4334750582939
469.82257983663146
5850.068554165714
575.436095964204
303.3775832898601
2502.298339194436
4453.060541123839
5949.778292210596
165.7478610275605
1316.478825153465
2166.8843114317947
498.245033729431
2811.3076978739755
562.8330812408761
5787.119957170182
1080.2187376328172
3685.7544881763406
2672.2966742543167
2609.446760758913
1605.6379329125868
5444.413565148485
1865.192827053894
5570.739743584462
1079.0903001951353
5587.526841276317
3421.4771273233778
5517.595374831575
5633.964886466643
2229.1842278713957
284.6887953603357
5035.160161667105
1557.5744169573043
4028.3866996218153
5509.693389975259
1771.9621650292497
2095.17169375318
5718.230930415848
454.6868041027252
117.31301442258633
4233.347444983764
3184.166172307575
3605.8062518349043
4658.598906110343
3037.7677591397673
5616.2226103896855
5413.997234912078
4542.666844307923
2919.2832287960596
1984.1107431207824
4312.23904048787
3451.2421896141586
3114.607213492216
5004.18460433532
4958.659085553729
337.44410775968015
5015.128236296186
5236.194836443919
