19.688700857996626
562.8330812408761
1274.4533596713795
2719.1596680098537
518.0290351449548
5501.187084268804
411.7379016501352
3217.7554413332164
3813.7807718430395
3518.404289650093
3267.0637239050097
4571.3158648010685
232.9940471851814
1666.454074573091
4849.721349617033
1966.096643478322
5268.916727949219
674.1215336606462
1423.1105017382733
446.7602924863886
476.634352350668
1059.5017255209493
1820.6136381988938
3706.528517093262
3114.4523619679367
4922.782106011149
2972.681228964084
4516.3067241445915
5971.812757374745
4936.979679174479
5185.958833537171
3187.452818557623
2280.562812334451
1291.2066870557528
108.26915875528394
4295.718710729635
2530.2863538366632
223.11409127413492
868.8884522779334
2304.157247711935
640.5276614506352
3345.1369755808682
142.51467873015702
354.2451625822502
78.74233945618819
5776.774474708135
1545.0598608417472
487.9801757139094
2126.3013040282876
581.1342687896754
49.21552015709243
3154.466270487971
5924.536779119711
316.33049995200577
4200.1345292156275
864.3100228641664
2942.8531752113013
2614.9592096832057
5574.062441392238
5014.586864044158
4910.327392134948
5860.161397058293
2620.782595129776
4269.194429445281
5665.696765920991
3562.196290394748
4584.742119070944
5493.607208068069
976.8217908246809
187.0641941580775
1191.4155189308722
4883.838367151829
5413.997234912077
3594.085697551842
329.7569577304922
375.49107105540736
2458.471871099981
3879.720828949489
4926.995953443567
2013.2447696880813
