1961.19131115866
5102.248515269288
2807.786277464134
683.0692006662566
92.143345710343
703.4188031668159
4396.304867817833
2102.0097261673386
4485.754576520329
219.11013864861005
4820.766394135396
1532.24089583649
1870.321665193511
519.7482895790491
452.8401560764545
4584.96305405034
1667.799503787148
3504.333984595187
5122.49177510893
810.6463072346037
5064.867586836723
5465.170612810638
1532.0601282740558
5103.495766648383
568.6868798889616
5171.510211886383
5648.635949805044
5279.963948792666
1955.6333500707412
4998.907822075536
3889.409542809847
19.68870085799669
874.2810737202553
5413.997234912077
3717.6937730991276
583.1902256130963
4424.982361746619
4327.151658784337
2713.4825831365515
3283.608480421023
3051.2510921602598
509.33205042795726
5532.84949142042
400.7782812132586
3833.354194430172
5018.521216282516
4748.613377934194
4942.009356639
5822.7544471215015
2514.6552322316206
5568.747893451624
2851.9027002542543
5878.357180312329
5940.962698395365
4583.377381326751
1045.0247639444615
3865.81220219257
3132.036434626773
162.29346452450324
4972.978229340199
1891.2746675104022
1976.790476460013
336.6375827394694
269.8843595646176
5971.812757374745
4089.762103216319
1002.4533606141663
1073.6586770947151
3930.277526990653
2681.3570709549413
1109.8903169055134
1201.1622870349483
5510.9139426582005
5735.711552594471
1390.3221314126954
5602.306211058283
2192.5252295919126
490.22147027995345
1819.6755364957494
3358.5248301915885
