2006.7659858373042
2856.467621348563
5768.633392510501
4132.662057895074
4465.948977614143
2237.9957398859738
417.0692968292173
375.7812980224617
5971.812757374745
623.9255284235992
3886.5984771801996
4240.4183082155505
448.91419761663394
5280.434595117921
2893.856367149911
3880.7657062938943
922.4354470753985
5445.1807272420665
116.79221135629726
238.6867665323433
2989.354494312061
1893.8162537268738
2367.211531933095
5536.557340210666
3558.361505227911
863.0899713771636
5444.510183275968
5904.126497082125
2427.6414125234264
562.8330812408763
3403.3259098632557
2378.6267126931084
310.61339692662847
5490.087492759654
1823.988953134472
492.7990261657279
5475.673040406772
1720.1607053550001
1308.8308191224212
532.9849653321081
4580.926880353837
2935.0196561248995
4596.641185047282
1154.1396039026781
2748.6174500057796
3715.6923360130118
1428.0853882435438
189.96226369057567
1463.5072851387633
668.401386467237
155.49963064093512
2494.474105098092
1551.492055154842
5489.798435799358
5693.3603336278065
2573.2962684804925
4129.49641833118
5419.132999500281
5493.85273577815
3344.015951330441
1788.7651880857518
4994.84550134249
5413.997234912078
49.21552015709245
5824.288458467014
3209.211134461103
4798.8249132172095
19.688700857996675
615.0160580531904
1187.5869351298902
4758.963105665127
1373.6617190477764
3681.0128652274993
1112.6963146868213
4371.495722608201
2403.739021944026
2424.3753900439665
5449.865314583475
78.74233945618818
3028.407447777077
