5971.812757374745
5665.779568640057
312.7907350258048
849.2573025344785
3016.1924347005793
5514.794676395912
881.8854818978443
5714.836094747569
4297.82015620142
4746.98575035368
1559.0043485223528
5103.486343836557
2259.015884314858
3793.8813030875326
3925.4155359352253
5876.848131105542
531.4315728688276
2301.9676953611342
974.6907983867668
226.80275324659985
1068.7973537570615
387.0383726797568
2408.9360746415905
453.03019108597937
3190.2323819338603
504.23337665263296
3578.192112394374
3223.2553673337434
4267.607374285112
3625.9940867851665
5094.472595824702
99.58582862388319
1907.6428086500669
896.5553503906945
4697.973248970212
1460.8557506495342
2892.498895057556
5413.997234912077
4837.8247445966845
1754.9694537049083
163.6796979330902
1334.2947472060712
2377.118807249799
1818.0220065400817
4650.506865495501
1413.675408634871
1873.0003866923976
2495.285163602767
1373.5183327372488
3801.8223266001132
5217.794920868935
49.21552235372887
5354.6577817464595
4982.326595204829
2740.8457772527477
3132.8142499734386
269.4682119675081
925.1269579463369
1016.5047998381028
19.688700857996615
3308.676095850085
574.6252060560423
4259.780913651711
473.3171082846253
2603.373790436631
5927.277186889533
4007.809240402385
2858.5016971877594
4516.339649958023
745.1471321428471
2559.855167234624
668.2213717122095
2491.705404543777
5825.031139461447
5491.515983722791
4033.638484922001
744.7961568001575
3666.278268974845
562.8330812408761
2474.5082787664655
