1804.4506647039568
5238.363255457438
2654.7372055118553
3728.4243511589357
1610.6001286327437
2992.9248841509097
4554.9212711647715
5791.884308800769
1667.8763305080802
5543.433659993617
1324.0024605593562
2074.1580895635925
2695.4698697469616
535.0145837722237
433.5295087036408
197.74533978528947
3451.052670453133
4392.93202626587
468.77942432606113
1112.2015881213736
920.3091517446494
1213.5611875927102
4747.594170639738
2150.6274606449597
137.71844575248173
4356.646054591107
3062.542841055437
162.36063400688738
5036.867466835405
3811.52199657847
2123.1859226178476
828.194211104297
3641.275673834461
4496.925996570351
1012.756273792937
5880.755496536684
5640.842756695824
5847.341658451168
1604.1534470402041
3365.1634137116307
5446.015254552358
1545.8088311620454
361.698648586409
638.9677803678882
281.5740161466798
3515.867856206444
4088.756526534025
5413.997234912078
2484.5336310095545
1193.4280007293653
530.4933545721321
4317.858976717415
5342.905263136867
3241.2314787455557
74.07236567071371
3277.136662257092
500.96653527303636
634.8348743255301
1859.6449836599968
5606.906251546328
2316.8040530655026
4801.452583242471
820.9399104911823
562.8330812408763
412.98647657399874
5731.417195321459
5495.9261278867825
2702.0205807609686
1369.1069893517497
5713.5702209467545
239.9639522523253
4230.257058271723
5971.812757374745
272.2766926097569
4870.846641317309
4057.8044893693304
19.688700857996608
2809.330926576725
4520.001154831475
2782.7373789679245
