269.4110374132264
1633.6705772257048
2778.5135192839903
1070.9171889977004
4979.68701422716
3639.4808707925085
4018.2858749314205
3480.0442436958883
2398.4953056218556
4639.519971699311
4492.848981254255
3107.5094183566707
2207.751218834629
1538.4274834144803
2120.472346266843
5971.812757374745
458.51066002945794
5526.47065911344
3151.007897417182
200.68815401633233
1437.1759026531731
5611.244174500847
5543.970653617235
1047.3858588734338
4976.476411601992
1467.2861832652936
680.7720183420822
2591.785479391838
2896.434861008126
5141.359949991615
4722.589723440308
4694.943088805672
2375.9118606559086
2292.9135147882566
242.5988669434107
4314.767610500611
3478.6125331609305
954.6754750396692
4479.363470688054
1504.383626133282
1247.5102935125078
5476.395431257162
5510.795750387508
5815.4777623895825
1428.840333073291
5757.523144009615
5413.997234912078
283.4594286240672
323.09302418426336
758.0176304300451
3338.7525196332986
98.84118803482596
5575.326589365977
5444.413565148485
5665.663242906427
562.8330812408763
5870.624478360434
1417.5949023561386
415.382657250504
5711.52533158123
3867.533316690796
3354.624548076663
1832.8432442710312
364.5207417586628
1467.1034798474038
531.2709792966588
3170.8501990857685
65.46999564410837
3511.55037802444
5935.829052333864
495.1243416431677
4429.671215241351
19.6887008579967
2545.198614665125
4907.9512515464485
135.09857895981366
4511.985543012557
945.3466894703226
4158.7734288388365
1928.7802734632405
