1522.774768954878
591.7422196583776
2636.8793587053183
340.45078950268226
4778.227811667717
533.3062619417806
634.1278543573517
5624.15581574131
3927.3690099249525
972.5491114758183
5489.540647417312
1126.4804659798215
1211.474372984
5595.254606080652
3607.486573977612
3713.7623842960397
1914.7733792940212
3091.9548953894164
2809.9036219706104
3445.8515686136166
1572.493266526384
5499.083496834478
210.38773991068584
4492.947939634701
3843.8392725562235
2790.6910656628406
1084.8489685353163
2146.847430538927
5368.3195406509685
2320.291281908824
5171.860571249034
1196.54348105043
394.57803235843335
3732.2366769750834
5501.287403879169
4183.972637993418
4646.465900452281
4865.391128684769
280.0293221470101
5272.495567990978
704.9721935950465
2398.082328566631
145.88438255855732
3259.3965738304473
5038.57077564356
4268.442912163273
898.949662507205
464.6957860043946
118.32362196908626
1164.8159181892865
1078.3955900569017
5660.836578650037
187.1676810537588
4149.038936770239
476.57460973276045
4919.053032848371
2290.1863708058354
501.73808806632803
1777.2161575065475
244.28446163372394
234.79751418871132
3202.8135263656213
5826.02402384508
562.8330812408763
2905.8008042244146
4773.865488363509
5941.381208717871
3359.860672923048
2512.138388990342
19.68870085799662
3720.8625425481755
1751.3202441180417
2039.884189728912
4025.106212388991
1897.9523860974725
5694.472413953719
5413.997062933604
4552.963719672253
51.2354027597093
5971.812757374745
