3396.577619984114
3213.548873176178
5698.901855245626
5413.997234912077
5734.179050776946
1485.4026291449193
2966.904742415574
78.74233945618816
3788.527536441616
1761.70300923298
2360.4567983691486
4750.720227381949
5851.914322784989
3600.6923525917887
4294.557895700664
5769.150150218506
4670.210887120292
4011.7205943829254
563.4414213278727
433.791053319978
2256.052369548375
1887.9343957275976
5569.874800632525
5971.812757374745
5471.692436531357
4059.2138433616406
49.21552015709243
3314.052499853306
4925.264044102995
19.688700857996658
4422.558547916183
956.0205956483888
514.7278459850436
5172.32222040002
5668.267778380983
1242.811471070971
4101.135517215566
5634.073644994098
3950.1145582170966
4400.551706162637
207.00378047268254
154.05330764328215
319.82763165953634
3092.736857029426
4314.903091106012
875.8441322741038
4226.3831806583685
2911.743880718661
3756.499157549035
3606.947129836446
3349.8416853915132
5431.033582193294
4457.378316686988
5052.807060148555
1744.6536370601175
4908.175549693608
4608.502286508591
5892.855439560819
676.4369274041976
474.73498420066744
854.1407510621979
3943.7822656123035
2671.713795954347
5600.291130868932
4880.1475467126675
562.8330812408761
5934.781632616443
2147.762469470511
5705.000252740458
2114.0513520262148
4859.5945274202
5525.854251979317
990.1002070961265
113.77363662629915
5805.649288120335
262.58354275538403
1258.5992973486377
5161.198594294833
1180.9656360550716
4963.058142713647
