889.004794140414
5086.646370984521
3881.5845274313697
566.8221311328173
4279.585542845386
503.7794426426848
5881.299861346284
406.9818288191302
929.7539120469229
49.21552015709245
1764.2309603500005
5487.600843442915
1078.6935928151702
4815.267103833261
5413.997234912077
3075.8219309377473
1545.183263788708
562.8330812408763
78.74233945618818
4504.553301266321
3547.303605957436
4590.140852702049
3989.2809493833847
173.58065130420187
2648.8307092435807
2974.054198535121
5683.339977493808
2334.415840925361
4663.408360049931
19.68870085799662
108.269158755284
1442.5759025592608
4800.791755519341
5555.824822529075
5133.454410936175
4576.435256676902
659.5417912919086
1669.1789074380363
2647.5770828372824
2520.18255103305
367.730328115915
2495.8513466192794
2554.8205230736216
469.4967944655861
3905.161576852113
1796.453404950189
4029.296895664421
533.3062619417806
3404.6065630234693
5617.920365152333
970.4722744725381
4659.321583929748
1189.6213304379464
5816.173816146687
3690.5672509068454
2972.9836138847513
703.353694929828
828.015580503152
1631.601610005606
446.2077805843788
4720.046580265695
3884.3605343723266
5966.53611545039
5170.366489436411
2582.621879062882
4816.816876333961
4589.939011294227
220.09102989572781
3165.7458443793166
311.62973770086643
142.33216046521505
1659.045203495019
1027.6360000135003
5759.807404374878
1992.8809490108483
2224.551997862228
1361.8554805979477
3325.8689083211625
2322.710935642447
2565.8696677570797
