-5.0385414364637064
-5.0385414364636985
3542.0946298342546
3542.0946298342546
-5.038541436463708
-5.038541436463719
-5.038541436463699
3542.0946298342546
1118.6848103585435
3542.0946298342546
3542.0946298342546
-5.038541436463687
-5.038541436463686
-5.038541436463699
3542.0946298342546
-5.038541436463692
1988.3117755180197
3542.0946298342546
3542.0946298342546
2615.883899211527
2148.8210602879453
1769.926532564633
-5.038541436463726
978.4216391372051
3542.0946298342546
3158.28821928533
3542.0946298342546
3542.0946298342546
3077.801202030295
-5.038541436463689
-5.038541436463713
1695.971015640077
3542.0946298342546
3542.0946298342546
-5.038541436463699
-5.038541436463698
-5.038541436463681
-5.0385414364637
3542.0946298342546
3542.0946298342546
