1037.8126312598058
770.6944734679732
-3.3592895027621794
1383.5378852329209
1949.484492498149
1078.4144602865606
2361.580520441989
-3.3592895027621905
607.1913460801791
2361.580520441989
-3.3592895027621728
2361.580520441989
1677.9339060108323
2361.580520441989
1292.5359862878922
-3.3592895027621905
2361.580520441989
841.9661684577645
2361.580520441989
1225.8560214525107
-3.3592895027621883
2361.580520441989
124.07667370253759
1523.8456310020617
-3.3592895027621497
1112.9444723789125
2361.580520441989
-3.359289502762166
450.1980594274704
-3.359289502762169
274.50308278378225
2361.580520441989
-3.3592895027621954
2361.580520441989
2361.580520441989
2361.580520441989
1240.0711852524996
-3.359289502762177
2361.580520441989
1182.8650999706954
