2376.868351871905
1636.9036837823617
3542.0946298342546
2442.3017537578053
1295.7725922829047
2980.0157294846103
-5.0385414364637215
2910.9311562061666
2283.491940039601
3542.0946298342546
3542.0946298342546
-5.0385414364636985
2274.2787846369024
3542.0946298342546
3542.0946298342546
854.3104852242459
-5.038541436463691
-5.038541436463708
2476.739506480154
3542.0946298342546
-5.038541436463698
-5.038541436463696
1181.1254271454538
-5.038541436463694
-5.038541436463694
2425.399675921507
3542.0946298342546
2060.1099875093573
1267.5061082877023
-5.038541436463687
2927.047710285258
-5.038541436463682
-0.6365734678614037
-5.038541436463716
-5.038541436463708
2762.2922015274316
3542.0946298342546
2602.739833232506
-5.038541436463708
1262.408314001987
