1279.4448306655534
-3.3592895027621905
918.1626212313802
-3.3592895027621594
2361.580520441989
-3.3592895027621994
1064.0715651686385
2361.580520441989
182.74314854582641
2361.580520441989
2361.580520441989
2361.580520441989
832.7357227086303
1785.0757996161033
-3.3592895027621616
-3.3592895027621767
-3.3592895027621736
2361.580520441989
2043.5231036698988
2361.580520441989
709.9062959136133
-3.3592895027621728
1429.5532074486955
2361.580520441989
440.4874731435111
-3.3592895027621723
50.74329246449671
-3.3592895027621728
2192.5613741913326
2361.580520441989
2361.580520441989
151.9512196501534
2361.580520441989
1316.125084626497
-3.359289502762164
2329.7129660534797
1437.5258574006834
353.97414165008735
1618.3911419138449
573.4000663692448
