3542.0946298342546
1440.035852288937
1.075134597809811
2273.9655025032635
1180.2982752719115
-5.038541436463699
42.17429491183917
915.082803465858
3542.0946298342546
2690.451223630503
773.2162104955073
3542.0946298342546
115.94769910470384
2938.649494769338
-5.038541436463696
141.44894171083075
996.7049735701363
814.4500690743256
2186.5775185109424
3542.0946298342546
199.68193307492686
2964.307588561587
136.69089893227675
1602.2278065432463
3542.0946298342546
3542.0946298342546
3542.0946298342546
3542.0946298342546
2710.2832468190395
1772.5826989387097
3542.0946298342546
3197.746466117751
3542.0946298342546
88.29311850982266
1327.268677573246
170.68054262642704
160.40936939380686
25.23240398198955
1506.4153584768833
3542.0946298342546
