-5.038541436463694
-5.038541436463686
3542.0946298342546
-5.03854143646371
932.8393802096846
-5.038541436463727
3542.0946298342546
3542.0946298342546
-5.038541436463708
2638.63061984226
3542.0946298342546
-5.038541436463695
1958.3504814591786
3542.0946298342546
-5.038541436463698
3542.0946298342546
-5.038541436463704
3542.0946298342546
3542.0946298342546
3542.0946298342546
3542.0946298342546
-5.038541436463725
3542.0946298342546
2418.21476817388
1945.8283353695856
3542.0946298342546
-5.038541436463713
3542.0946298342546
3542.0946298342546
-5.0385414364637215
-5.038541436463704
2338.4069631443313
3127.3502592936447
-5.038541436463699
-5.038541436463689
-5.038541436463687
1694.2587334248938
1819.8432741838506
3542.0946298342546
-5.038541436463687
