-3.359289502762172
1324.0334886115945
1469.3998194290357
-3.359289502762169
1586.7424900143853
2361.580520441989
-3.359289502762172
-3.359289502762169
2361.580520441989
2361.580520441989
-3.359289502762171
-3.3592895027621674
-3.3592895027621865
1872.1018419854913
-3.359289502762166
871.4236119003073
426.92264166498626
2206.9533423983944
2341.6190936586345
1633.0173303628503
2361.580520441989
1939.0947066918532
281.3493459388854
2361.580520441989
2354.256176419939
-3.3592895027621616
-3.359289502762151
-3.3592895027621683
2053.695554478055
797.9881601593247
1083.4248653004297
2361.580520441989
1033.8617839352037
1738.1685657609412
2361.580520441989
1312.4918545854262
-3.3592895027621603
-3.359289502762186
2361.580520441989
1902.3848421856792
