-5.038541436463695
3542.0946298342546
-5.0385414364636905
-5.038541436463692
2171.362902675565
1550.235368850902
3542.0946298342546
-5.038541436463699
2136.9020449240606
962.8031113117536
-5.038541436463715
-5.038541436463721
2102.0166103751217
3130.189257793772
3542.0946298342546
3542.0946298342546
1957.8325396184234
3542.0946298342546
1380.1948570862737
970.2058166183185
1863.111840466934
2362.245196432825
2647.641541240707
3542.0946298342546
-5.038541436463699
3542.0946298342546
2754.1669746410043
3542.0946298342546
2490.354372743125
2288.4123916830617
-5.038541436463673
-5.0385414364636745
620.2567759645688
1781.0117899160364
3542.0946298342546
2194.3967959463553
-5.038541436463674
-5.038541436463681
1949.2516200121825
1263.5203603098776
