3542.0946298342546
-5.038541436463681
-5.038541436463707
3542.0946298342546
3542.0946298342546
-5.038541436463719
3542.0946298342546
3542.0946298342546
-5.038541436463689
-5.038541436463677
-5.038541436463683
942.9935837487552
3542.0946298342546
-5.0385414364636745
3542.0946298342546
3542.0946298342546
-5.038541436463709
1822.6108742187844
3542.0946298342546
2097.7810143155075
2856.0051359628774
1782.0149916923087
3542.0946298342546
3542.0946298342546
-5.038541436463696
3542.0946298342546
1662.8011024744055
-5.038541436463704
-5.038541436463727
-5.038541436463727
3542.0946298342546
3542.0946298342546
2553.523433931969
-5.038541436463715
2249.508104133271
-5.038541436463686
3539.085350917838
-5.038541436463699
3542.0946298342546
-5.03854143646368
