2344.3738275082105
1791.8627914506183
-3.3592895027621905
2361.580520441989
2361.580520441989
1377.4208261805736
1219.985077066105
2124.6475278149005
327.54355561665386
-3.3592895027621688
1384.0650134862565
2361.580520441989
-3.359289502762172
1584.9747110083138
2316.658789809759
-3.3592895027621728
663.6363957894515
2361.580520441989
1211.6471773884264
681.6624115587689
2204.3686416941746
-3.3592895027621683
1508.5436158823416
-3.359289502762166
2361.580520441989
979.9600601211449
-3.3592895027621683
53.247032094126965
584.0753303720702
176.79504238111934
2361.580520441989
2361.580520441989
2361.580520441989
2361.580520441989
379.0986238222342
-3.3592895027621683
2260.123439966427
165.8305990325336
525.8467503924254
-3.3592895027621594
