2555.675450202749
-5.0385414364636985
3335.2589521724735
-5.038541436463699
944.3371750327219
2.9826274305319513
3206.1399510798783
3087.4713165861845
3542.0946298342546
1106.816203222342
-5.038541436463717
424.141475769884
-5.038541436463689
3071.906315417886
2495.6804876019633
2650.5783581510123
-5.038541436463672
-5.038541436463696
2548.194723989187
-5.038541436463713
1870.7939562909144
3542.0946298342546
3542.0946298342546
1246.9267809181254
3542.0946298342546
-5.038541436463701
-5.0385414364636985
1722.7431211015692
1374.0266691642626
3542.0946298342546
1847.770823842346
3542.0946298342546
592.43692876211
-5.0385414364637
3451.2766299781306
3542.0946298342546
-5.038541436463728
3542.0946298342546
-5.038541436463683
3542.0946298342546
