2361.580520441989
1008.1478278303074
1461.8280250072564
2361.580520441989
1575.5939660994868
-3.3592895027621816
487.6236486964159
1889.823742572921
1664.2094302441938
2056.8012210253933
378.02644706728563
-3.359289502762172
-3.359289502762146
-3.359289502762164
0.8041684712214187
1671.7524780508018
2361.580520441989
1719.1829901204155
416.03177468839976
2361.580520441989
2361.580520441989
-3.359289502762157
2361.580520441989
1866.640644797869
886.4685425530722
-3.359289502762157
-3.3592895027621616
2361.580520441989
1710.8669531617213
-3.3592895027621705
1291.821683286673
2218.784020179248
-3.3592895027621648
2361.580520441989
2361.580520441989
-3.3592895027621705
-3.359289502762169
1138.349651037985
2361.580520441989
1066.0414486495433
