2361.580520441989
2361.580520441989
-3.359289502762146
425.66093380575865
-3.3592895027621736
1964.8353387674224
2361.580520441989
2361.580520441989
-3.3592895027621705
-3.3592895027621745
1338.6286199284334
840.3573297185279
2361.580520441989
2361.580520441989
2361.580520441989
-3.359289502762195
2361.580520441989
2361.580520441989
2361.580520441989
-3.359289502762181
486.7394923494626
45.794532678512745
-3.359289502762169
1187.6762737668007
1826.5931453697103
1446.1303811840187
-3.3592895027621683
2184.241214854479
771.1365366163851
-3.3592895027621648
811.496362086952
-3.3592895027621417
154.79675752996306
607.1454170790005
2361.351635978092
-3.35928950276217
1332.970055386515
321.22444218673627
1119.347472980577
2361.580520441989
