3542.0946298342546
-5.038541436463726
3542.0946298342546
1485.5505183615699
-5.03854143646371
-5.038541436463689
3542.0946298342546
-5.038541436463698
3542.0946298342546
3542.0946298342546
-5.03854143646371
3542.0946298342546
3542.0946298342546
929.8022533891298
1971.4950146637523
-5.038541436463686
-5.038541436463704
1999.679160866917
1700.1352446889407
923.9221866564237
3542.0946298342546
3542.0946298342546
3542.0946298342546
3542.0946298342546
-5.038541436463715
1998.052658108485
1324.2335794749279
-5.038541436463712
3542.0946298342546
3542.0946298342546
2.0310528925182036
3542.0946298342546
3542.0946298342546
2793.4334718658447
-1.3411721997235113
-5.038541436463677
3542.0946298342546
-5.0385414364636985
2988.550892999129
-5.0385414364636905
