-5.038541436463704
3529.819456344723
-5.038541436463699
3542.0946298342546
1510.7090553776743
-5.038541436463726
3542.0946298342546
517.3717852709349
-5.038541436463707
-5.038541436463682
651.9767108130521
1865.2861131394989
-5.0385414364636905
2564.727657347799
3542.0946298342546
3542.0946298342546
1671.6023608913474
2156.353533977897
-5.038541436463699
402.3548186423642
2369.5218152408006
-5.038541436463699
3531.7089596154897
3018.3293303374694
3542.0946298342546
2734.7325230184524
1346.9807330303436
3542.0946298342546
3542.0946298342546
3542.0946298342546
-5.038541436463704
1821.3671633405143
-5.038541436463703
-5.038541436463686
3542.0946298342546
3537.5653207612168
2199.553198371293
3542.0946298342546
1274.5801311272674
2892.394779922075
