2361.580520441989
2361.580520441989
682.0272871520649
991.1311896699449
2361.580520441989
-3.359289502762177
2361.580520441989
2361.580520441989
1279.6427410713536
125.7567921677446
834.4835288584857
-3.3592895027621616
-3.359289502762175
1461.7262839850412
2048.6348127522406
1770.559696369476
-3.359289502762185
-3.3592895027621705
361.5286364001824
-3.3592895027621683
2361.580520441989
18.842761948940222
2361.580520441989
2342.972418386328
2361.580520441989
-3.3592895027621816
2361.580520441989
1559.0735960821405
982.6289463430907
1163.6767809383161
991.1232633742919
-3.359289502762156
433.9101476552883
-3.3592895027621554
2361.580520441989
2361.580520441989
2195.837688199912
2202.990748273798
22.545340822705846
-3.35928950276217
