-5.038541436463705
-5.038541436463695
3542.0946298342546
-5.038541436463704
-5.038541436463705
3115.887764135313
3542.0946298342546
-5.038541436463689
3315.157382892404
2605.1806531332304
3542.0946298342546
-5.038541436463713
3542.0946298342546
-5.038541436463699
2892.3484058489526
3542.0946298342546
2461.2905849719778
2312.7023876567155
-5.038541436463694
-5.0385414364637
3542.0946298342546
3542.0946298342546
3528.15477271127
3505.9577835897567
-5.038541436463691
3402.2105727051207
825.4143220183428
-5.038541436463682
2439.49387295438
-5.0385414364637064
-5.038541436463683
-5.038541436463699
3542.0946298342546
-5.038541436463705
3542.0946298342546
3008.3485891871424
2757.1137215567514
3217.359291401188
1272.1095511587546
3463.9911891522574
