-3.359289502762177
1620.4284800529526
1058.8585141284764
-3.359289502762177
886.6228394166984
2361.580520441989
-3.359289502762169
-3.359289502762186
2361.580520441989
2361.580520441989
2361.580520441989
-3.359289502762169
-3.359289502762146
1732.781203721377
-3.359289502762171
2361.580520441989
2361.580520441989
1365.583645746843
1504.837702591872
1515.7424705874564
554.9351130973469
1048.5820963160827
1923.9118408545405
2361.580520441989
-3.359289502762181
-3.359289502762195
721.5130765399671
-3.3592895027621594
2361.580520441989
2361.580520441989
-3.3592895027621794
1392.8753903372328
1245.791604681307
924.6967905743066
1210.1470459082961
536.3328988847301
1757.136024402108
462.4296958035993
2361.580520441989
-3.3592895027621528
