3542.0946298342546
-5.038541436463699
2234.805888414865
2987.1324607310125
2071.8544604907056
1855.7922661602188
3542.0946298342546
2950.051890090641
1062.4688779151827
-5.0385414364637
-5.038541436463686
-5.038541436463695
3036.795398875325
-5.038541436463728
2797.150220000548
674.9246153609663
3542.0946298342546
-5.0385414364636905
2631.917367263558
888.0366680113785
2707.210876925382
3542.0946298342546
-5.038541436463673
1738.5050490697029
-5.038541436463713
3542.0946298342546
2888.8631506876345
2359.37432102782
-5.038541436463708
-5.038541436463692
2553.438972591348
-5.038541436463699
-5.038541436463707
2563.15570590388
2079.5770045511717
2462.945683961025
2692.4341922644885
-5.038541436463673
3542.0946298342546
3542.0946298342546
