36.5250211501848
-5.038541436463685
3542.0946298342546
2366.4187664222068
-5.038541436463699
3542.0946298342546
3542.0946298342546
3542.0946298342546
3542.0946298342546
-5.038541436463699
3542.0946298342546
10.72131770324759
-5.038541436463672
-5.038541436463715
-5.038541436463696
1743.418500295294
768.8216508477024
3542.0946298342546
73.59573333677618
3542.0946298342546
10.146238468239957
1927.234400691037
-5.038541436463698
999.6690831913241
2.8129252448689956
62.6022210297382
3542.0946298342546
3542.0946298342546
-5.038541436463699
3542.0946298342546
49.78201711178219
3542.0946298342546
3542.0946298342546
3542.0946298342546
3542.0946298342546
2238.9849832200566
-5.038541436463704
1436.8560061861135
16.94360156631991
-5.038541436463699
