254.17870355761355
2361.580520441989
2361.580520441989
2361.580520441989
1050.303134241403
1612.1010206242345
2361.580520441989
646.7320124643294
-3.3592895027621883
837.8363111583691
1152.409383245009
2361.580520441989
625.0395537017135
-3.359289502762172
446.54350868474705
1456.3248991642579
2361.580520441989
104.34998629091237
906.6363749322197
1448.9944907482654
420.2785594808496
956.985296875597
2361.580520441989
1767.0876694510105
-3.359289502762172
2361.580520441989
1265.4249400686867
-3.359289502762164
2361.580520441989
-3.3592895027621807
378.569869477705
2361.580520441989
-3.359289502762172
-3.3592895027621674
954.3878757364388
2361.580520441989
1590.3632803313033
-3.359289502762195
2361.580520441989
2361.580520441989
