2027.2653190057576
1895.7515501071405
1618.8786109117143
756.7945567703111
2028.9845857469554
3542.0946298342546
3542.0946298342546
8.415614179414874
1433.69220102668
-5.038541436463703
2041.4037317843818
-5.038541436463687
2048.7862073656793
1523.1923449635374
3542.0946298342546
1294.0252008647553
2043.8641687904667
3542.0946298342546
3542.0946298342546
2011.6106236044882
2729.550757788988
-5.0385414364637064
3542.0946298342546
3542.0946298342546
1211.298405039085
348.4765414219226
2026.2504239106918
3542.0946298342546
-5.038541436463715
2118.9762396235565
1654.2842027198717
-5.0385414364637
2426.221121221031
1776.5162349950456
3542.0946298342546
-5.038541436463698
3542.0946298342546
-5.038541436463699
3542.0946298342546
3542.0946298342546
