-5.038541436463705
-5.038541436463695
3542.0946298342546
-5.038541436463704
-5.038541436463705
3125.512187354673
3542.0946298342546
-5.038541436463689
3319.129908999107
2602.522295522935
3542.0946298342546
-5.038541436463713
3542.0946298342546
-5.038541436463699
2911.689970208874
3542.0946298342546
2456.6308628981874
2288.9195885530166
-5.038541436463694
-5.0385414364637
3542.0946298342546
3542.0946298342546
3532.126724982416
3509.446032960496
-5.038541436463691
3398.921387017145
827.2105493786567
-5.038541436463682
2423.246334805296
-5.0385414364637064
-5.038541436463683
-5.038541436463699
3542.0946298342546
-5.038541436463705
3542.0946298342546
3021.8276721913144
2766.6318916503546
3220.0476768480603
1264.3217385447329
3463.4931882155315
