-3.3592895027621616
2361.580520441989
877.1556375063665
33.6422845763119
36.99454830053783
2361.580520441989
-3.359289502762169
-3.3592895027621776
-3.359289502762166
635.4660374532591
291.895776871512
-3.3592895027621683
2361.580520441989
119.56940344069238
2361.580520441989
-3.359289502762168
2361.580520441989
-3.3592895027621683
1202.491803879803
2361.580520441989
789.6877873496079
1484.7992316154628
2361.580520441989
-3.3592895027621594
1189.212045020352
2361.580520441989
919.364841900407
2361.580520441989
2361.580520441989
59.83343662680856
-3.359289502762186
1257.0124818877694
2361.580520441989
2361.580520441989
1957.7594210075113
1420.1112878892527
1734.9907374236466
223.37814669806767
2361.580520441989
736.1660324657694
