1649.191606509014
2222.8359952937335
2361.580520441989
-3.3592895027621728
2235.60000565013
-3.359289502762157
-3.359289502762172
2361.580520441989
-3.3592895027621754
1488.02321547589
2361.580520441989
1223.9863990645397
-3.359289502762171
939.6218332385874
1915.0102521774863
2361.580520441989
-3.359289502762169
1095.2167655078574
2053.091187935454
443.3728302717754
1344.2226313670417
1583.168047192421
-3.3592895027621688
-3.3592895027621834
2361.580520441989
2332.2705275144986
369.3896723601736
-3.3592895027621807
146.67023651136947
174.05710891779339
-3.3592895027621728
2361.580520441989
2361.580520441989
12.809689035463538
2361.580520441989
1946.4826029326014
2361.580520441989
2361.580520441989
1467.5368168992236
-3.359289502762177
