1403.688016725639
1097.96146315424
3542.0946298342546
1521.7250577013247
374.71488942425316
3542.0946298342546
-5.0385414364637064
3542.0946298342546
3542.0946298342546
3542.0946298342546
1295.1337156336267
3542.0946298342546
260.90794570791337
3542.0946298342546
1260.436920778416
2148.627103389921
3542.0946298342546
632.7496271296588
-5.0385414364636905
3542.0946298342546
1224.4192279481254
488.0668229337281
757.6129150922741
3542.0946298342546
2.528846545403969
914.8733480761853
-5.038541436463699
3542.0946298342546
3542.0946298342546
133.00717510579008
-5.038541436463715
-5.038541436463719
-5.0385414364637
1616.1797681367725
3542.0946298342546
3542.0946298342546
787.4343683113782
629.5891188507904
268.31940087930155
3542.0946298342546
