1667.2223516649694
740.8235783798966
647.5927472646335
2361.580520441989
2311.207824265404
2361.580520441989
406.6337653062633
2361.580520441989
1052.97604339555
-3.359289502762172
-3.3592895027621648
-3.3592895027621816
-3.35928950276217
-3.3592895027621728
-3.359289502762164
-3.3592895027621674
2048.847484276601
2361.580520441989
-3.3592895027621705
2361.580520441989
1467.530878419517
1836.8655173343627
1775.9546411276374
1972.3291893350943
1340.9808395672567
2361.580520441989
-3.3592895027621683
1214.3366226503545
-3.359289502762166
1032.197949926548
-3.3592895027621728
1192.9502673443303
-3.359289502762172
866.1316211648027
2361.580520441989
2361.580520441989
2361.580520441989
2192.8426633874524
2361.580520441989
-3.3592895027621776
