2361.580520441989
-3.3592895027621505
2361.580520441989
-3.3592895027621705
2361.580520441989
2361.580520441989
-3.3592895027621505
2361.580520441989
-3.359289502762177
1975.813793734417
1964.802645955635
2286.0846484272006
2361.580520441989
475.0800590691109
790.8639353717324
-3.3592895027621594
-3.359289502762144
705.8994268105916
-3.3592895027621728
1496.1735104925206
1722.5813291357485
1018.4670493853614
1168.5284507058045
600.3714066610987
2361.580520441989
-3.359289502762175
2361.580520441989
382.81608716576375
1331.6453861270306
1045.7934161584612
2136.917200698477
1870.6519230656784
1805.3373353517102
-3.3592895027621594
2361.580520441989
-3.359289502762195
-3.359289502762155
1693.4030195737473
1775.3315174150089
-3.359289502762196
