-5.038541436463716
-5.038541436463699
3542.0946298342546
-5.038541436463708
2006.0538276227633
3542.0946298342546
2136.2679796019056
3542.0946298342546
3542.0946298342546
2383.37181695981
924.7768563791885
3542.0946298342546
2107.640332076947
1026.3668282420826
1638.9127059503594
-5.038541436463704
3542.0946298342546
-5.038541436463713
-5.038541436463698
3542.0946298342546
3542.0946298342546
1246.7946451140626
1030.5308466701158
600.3186515811694
3535.8841528452763
2763.0239468692334
3542.0946298342546
3542.0946298342546
-5.038541436463699
3542.0946298342546
1673.5485316170248
546.1522263744171
-5.038541436463692
2292.5168562919944
3542.0946298342546
1318.611462015986
-5.038541436463682
-5.038541436463694
1970.3959121087191
2177.6981671157127
