306.94391478735247
469.1341720491101
619.0243663709176
1619.7086418207161
-5.038541436463689
1409.722505292687
995.2711196069173
156.03245648806228
3542.0946298342546
2137.2533710263297
1400.6834379344014
1900.7504031728954
3542.0946298342546
3542.0946298342546
-5.038541436463707
1334.2381163874775
3542.0946298342546
3542.0946298342546
2191.6861005849196
763.2577420164647
1766.4739288263013
1425.120909083281
1799.7227514751626
45.28919857675909
-5.038541436463685
3542.0946298342546
1098.3380878959945
-5.0385414364637
-5.0385414364636905
3542.0946298342546
3542.0946298342546
1210.6821506571519
3542.0946298342546
3542.0946298342546
2438.81506041641
521.2543964194637
3542.0946298342546
1471.9367516533273
2547.00706652855
2838.1002755349973
