3542.0946298342546
1937.7283721829194
3191.5817161788577
1440.6876891289642
-5.038541436463712
2250.7367005273823
3542.0946298342546
-5.038541436463695
2923.817840343967
2591.2581553080468
2548.6547838538304
3542.0946298342546
-5.038541436463699
-5.038541436463695
-5.038541436463717
3503.3023368243744
3397.7694700181282
-5.038541436463678
-5.038541436463719
2881.2852138889193
-5.0385414364637064
-5.038541436463687
-5.038541436463695
-5.038541436463695
3542.0946298342546
2091.251829848232
-5.038541436463682
3542.0946298342546
-5.03854143646371
-5.038541436463689
3542.0946298342546
3462.9438845280347
-5.038541436463691
3542.0946298342546
-5.0385414364636745
-5.038541436463698
1408.2602694721515
1134.2778997175565
3530.3453697875307
2396.0759948133777
