2361.580520441989
-3.359289502762154
-3.3592895027621728
-3.3592895027621594
-3.3592895027621674
967.7406466153534
666.0355179985631
2361.580520441989
2361.580520441989
-3.359289502762175
-3.359289502762182
-3.3592895027621683
1997.2625008202162
650.3187135713016
-3.359289502762173
1177.3821811167797
-3.359289502762171
2361.580520441989
1215.4172557306458
1004.3590588158136
2361.580520441989
2361.580520441989
2361.580520441989
2361.580520441989
-3.359289502762172
2361.580520441989
2361.580520441989
788.7794893276799
1229.5838035845306
-3.3592895027621728
2361.580520441989
-3.359289502762172
902.4454338175098
2361.580520441989
2361.580520441989
1622.5888594434887
1351.1851032297745
1144.754208483826
1482.9561320969312
-3.359289502762195
