-5.038541436463701
-5.0385414364637064
2586.120016435132
-5.038541436463694
3542.0946298342546
3542.0946298342546
-5.038541436463698
-5.038541436463683
1145.4187417456696
3542.0946298342546
3530.3378601457425
3542.0946298342546
3542.0946298342546
3542.0946298342546
5.245027202724481
586.5592381284551
-5.0385414364637215
6.4644781675203475
1345.4723025159556
-5.038541436463703
-5.038541436463719
-5.038541436463701
788.3416921118068
-5.038541436463715
3542.0946298342546
3542.0946298342546
3533.474176847703
2807.7114719436386
-5.038541436463701
1437.4097102020687
3534.5599133972796
3542.0946298342546
-5.038541436463727
1478.9405353419447
3542.0946298342546
2048.0657790283976
3542.0946298342546
3542.0946298342546
-5.038541436463676
3542.0946298342546
