1066.5933107783667
718.7822075868623
1306.6214143120712
3542.0946298342546
-5.0385414364636905
483.0196005165874
-5.038541436463726
3542.0946298342546
848.6667688018224
-5.0385414364637136
3542.0946298342546
3542.0946298342546
-5.038541436463708
3542.0946298342546
2273.4928959807403
3542.0946298342546
2077.2496464984984
3542.0946298342546
1871.4686657340721
-5.038541436463725
584.2965295688273
1588.1639641280353
-5.038541436463722
718.001508071942
-5.0385414364637215
909.6130833501038
3171.236580567729
3009.3560934551715
2451.043383653658
1042.5780213004543
3391.881804099503
3534.780100265857
2819.461670551873
-5.0385414364637215
1445.3253608737762
3472.2616038635233
3293.4065527724993
392.55396533645575
2631.198548921626
2556.0897329830013
