2505.451981045023
2863.3280096292165
1693.4894096714693
2006.103372129605
951.2257395240944
0.0
4367.345451052745
2711.86402612497
4051.8270630112847
3951.5941181662583
1035.9511608333771
4237.711887116365
2336.0429307009986
2350.7987250764018
2225.8392595495015
3361.140229911384
4618.415176312639
3394.998701539219
4105.275861420825
1820.769105654541
3801.441818106684
348.1162396549148
1461.5538595839612
2963.271822241482
0.0
2230.777012272265
3665.9177284718176
3866.4218531179267
3676.1895280942163
3407.3975906089067
248.17620797708744
0.0
958.1067673667292
4364.418848518977
1942.738237516768
0.0
966.8138963573099
4205.268086402074
2872.73120932279
858.2840641190583
4299.599287344991
3098.978428456235
4610.37148421908
1307.8449065101631
1299.7174214229542
4605.821603869034
1772.9848624406816
1114.3524970473707
474.5576828152928
2066.990640711196
0.0
2148.2228797582156
500.7478435140189
3295.3785861141996
3425.7577416124423
205.75606068684718
773.1030115041563
3021.2279902838595
3041.066995920235
3397.5969253043017
2295.2130389991025
1813.7973129415745
0.0
1509.4965266984116
4616.516895304866
3353.031692436247
4602.506096402176
591.3485122134012
3431.133161341988
2688.0323539624264
641.5210321324105
0.0
4612.640552555081
0.0
1633.8078667008872
3472.10861479693
2472.3495142118145
3380.5005257190423
0.0
3963.172334359542
