2694.256837377598
385.4302190291464
583.1389867549333
1324.2109091013585
1996.8323956781703
4614.7171168450905
0.0
0.0
3430.524377172233
3412.9331273194703
2488.651835180912
18.362070608442302
4604.65940351945
3190.208823435586
1807.3177843188287
3174.9636674676194
4617.013655050316
0.0
281.2147803515675
4223.795122637031
4610.642072363868
2376.933003067524
2938.1476704011125
1502.712349553904
0.0
0.0
2969.995653518722
917.255739938866
2050.096757046081
2641.7042271895803
3545.865836695487
242.38827508170533
2325.7528458841803
1103.9567828220734
1173.3859785687373
3684.4744038978893
1459.119348819681
3850.9640204684797
261.02289023831764
3731.057474400978
2066.865465569383
3756.774861102685
3854.4216299612795
0.0
1173.7583292390975
4602.506096402176
2144.3126295082893
2733.286426761078
3742.8389547481875
4147.834244867558
1923.9240122841127
1612.3960250531686
0.0
0.0
2094.3082991840874
4346.407506251784
4612.392523874038
4607.641935291909
0.0
4407.442937293091
4042.6064882703176
912.6865063149673
1673.4987567565063
1040.7292035849023
1798.3544120321435
7.170932739683674
4328.718249422644
4618.415176312639
4367.345451052746
930.6986143646016
638.5474380134721
0.0
3103.547793209882
4235.445581279492
587.195136427833
4111.674154880051
1613.8056687096278
256.0387153263406
2859.929090465016
2989.3348501433074
