0.0
0.0
4602.506096402176
1711.7761855281312
2709.0711899062726
411.3665338431771
4056.2137035874325
304.26719784067546
2799.4878739517503
251.06972525989377
1115.0088727957589
0.0
1980.4035538766564
716.2057378699552
3640.5309169097795
4018.9044484043025
3306.241760798073
605.8130368887613
0.0
3982.2253591169238
3500.4287172075656
3139.2101026830605
4611.0691894950705
0.0
4332.038516444131
2585.1373722498874
4618.415176312639
1243.7498258733312
2898.972655952034
1406.78275371195
0.0
4076.598417437257
3021.3500056119838
2304.558341737197
2211.748808760919
0.1579796624708257
1364.0294359830361
1214.4441857511108
2913.102735829955
514.3716871237584
2293.4267923955736
2351.0741878813906
397.33800886859575
953.668157502095
536.6352160757544
1682.5203286105489
1959.0350988483476
613.2443004818028
1332.4883145175531
558.0421895217673
4608.593871329524
1169.6589618075022
0.0
3948.072688784354
1051.7665168606234
741.0104673651414
4604.768579986476
2398.690967931227
3299.1311939605857
2498.092882604682
474.47662210761473
3753.544124622702
4231.911993495092
1527.3280891749282
2282.3214970781214
895.051003475546
1196.0416181568783
4395.51937144041
3297.471583924934
1789.3062156551107
4606.41631977989
1864.7752343087463
4307.1562526422
0.0
2215.138537644326
3648.8209866780944
3233.48629895873
4615.59852913498
1200.4089259818934
3807.828155735242
