3521.378465842883
1456.590548005654
3505.10097337335
2467.2148062882743
1773.9511633139716
493.4325841560092
413.1073927614226
2752.999463808037
2943.6375085519094
513.5122677744431
4401.723181123834
314.04280770926687
4377.433645487625
4295.010132236099
3439.1721920088976
5.286118716358851
2560.347336967939
1957.0108378381044
250.56518985079657
3657.537641921371
4616.494827834115
4609.678434860081
903.1824484663193
3409.467890335734
1757.501287405401
1471.7444605308672
3900.155859898314
0.0
168.49859242716468
2294.123066959198
3072.1837349475936
2758.701494576801
689.2309136249594
3332.0247046217282
754.0487810447971
1194.05479470455
0.0
1640.5714486244447
0.0
4413.555168449376
4414.183412082482
3742.49025462842
1380.36228256384
2259.9787394806704
1525.6086907976644
2109.8331188687
1872.7081227496287
1037.6167055783324
4418.591063757406
4256.917858268556
1115.144117547415
3201.0118711000378
4618.415176312639
4117.733356683581
1089.9145254655853
1252.8197938250737
3740.9605978393256
2240.9151875055572
4373.940907849108
2800.871004575555
0.7413167954466788
785.0567186095792
2676.3363720368257
1456.6570576434108
9.73183749288001
1114.7218173600536
1182.0512921994875
2634.555149387221
0.0
4602.506096402176
0.0
0.0
4351.542579422218
0.0
0.0
2115.5780496919087
2953.0388433972375
4375.864864742293
4612.561400156952
2865.7648188933213
