4604.88468139345
4617.519270973754
0.0
2325.2215622124454
2251.0415572508186
640.9762301030303
4592.095671109083
1251.0727422690234
2951.622152927685
0.0
4453.410742803273
3071.4744303007815
3760.5598046866153
3720.1123042350105
2083.7230419701846
4614.645678453902
3762.327752018052
3208.9443554783074
864.7695298864041
1764.0175179194127
1588.0399362083876
2922.5684513908773
1460.6537854854191
3745.5984621469606
1842.9081945425557
2267.848313016841
2027.9254456748859
0.0
1034.1225772022344
1875.852257814715
4609.976305681972
1240.648115031186
0.0
3863.755970826808
2441.494384445761
577.6300154471493
2622.9291053268685
3395.2862219862545
3011.9862151938187
2209.993522577484
1135.8659362133126
0.0
1738.798281909051
2618.7315529773396
4606.705711579829
0.0
753.2091757713273
4618.415176312639
0.0
1995.0676199181862
1149.2819997365166
4022.876337860061
502.13945051978754
2733.646566871564
1558.6842598061417
4602.506096402176
4207.776311647827
3755.84588116611
4342.31999834288
2762.9624344792323
2264.5882996864025
251.0697252598938
4582.351856814289
799.8770080687377
582.2504552829718
693.9401531832549
552.0786461726204
4063.1477675196265
2176.9837155989253
1331.3802011025732
3307.5976864300123
4176.39781306744
3673.923942219124
1676.195967244819
3632.4409085179327
1817.2618858716808
3421.374091210976
2888.846290659136
3889.7029715018903
355.22618299589476
