2290.731978620576
1255.5524520191218
4615.116478095802
3598.0461573015637
1987.2314345373334
2537.4491018440926
3342.29735182826
1645.9834240740213
3561.913431189403
281.21648621082517
3659.4236953791055
231.5340820866517
2591.3702307542103
4618.415176312639
3527.661919414033
4220.393251331746
1927.7727820592158
3503.7443959035036
626.7423693257851
0.0
4180.283492466599
2805.960020866351
3859.82019949596
1536.2482913490792
2564.1589948270703
1484.0127133393664
1790.1088217418173
0.0
2590.6616790304342
3810.4676298708678
2291.7701544031397
1781.9864837553346
4610.158578040462
2785.6569350189807
1177.3359727899297
1618.9438273270175
2113.587639298455
1258.4391825451116
2489.1806991643666
4116.275725792852
3322.265849207434
4616.600246035734
0.0
388.2452601101474
4427.963882465911
0.0
3720.42880802292
3238.0864796296164
577.1581003137392
1033.5232099571679
2041.1785470017114
4605.726620459487
3192.125720058395
1286.2038041649046
532.286211470719
1034.4256619905063
0.0
783.3559367306127
3038.425018589591
0.0
30.474475476655325
3474.2364595638646
0.0
0.0
766.8138845166816
4613.377558791292
1023.2795886541304
1706.2054214173872
2084.662364996116
3993.45043031285
3468.021095700973
4608.240141168085
3051.241045572071
4367.345451052746
480.26955520368335
0.0
4602.506096402176
4603.7216273653885
881.2150292047668
4265.577607417007
