917.2124580373882
4594.878837523441
2593.4935369978793
2085.205363206653
3438.9190909515632
4367.345451052746
1599.8665319714744
0.0
2158.2016712193586
4602.506096402176
47.27805139670879
1395.9076606619224
3828.57681555091
1188.3027586938508
4607.433506582021
4605.92438372174
1320.2134340277453
3863.1533472685514
3358.865448193181
1030.9062081562236
61.839655902853565
1812.1596457352775
3860.7000923808255
3004.3079241641703
865.2367526011244
0.0
4116.275725792853
4616.421827673907
2747.2541429133043
903.2369314441474
818.9814709519861
1449.23979448638
4604.3937346288685
337.0452724714982
4612.515145377687
1970.4971026177905
552.2266631204888
2308.2070103481924
1632.8616400899837
0.0
3545.020300572556
1548.7652689383854
2137.6494149796254
3850.101915780934
2980.1947704380177
3526.743030021193
4618.415176312639
797.9453838911852
4088.0996140097745
4011.323937068748
3223.304604592281
0.0
1299.4318060576375
0.0
740.7778734040774
4265.327919461862
1667.8733183604877
2216.601390988729
8.255623732208303
459.9971752315767
757.6998024962471
1689.9689606244522
2301.176082450722
3652.022064011622
3124.2238944742458
2924.1301763694632
0.0
0.0
4096.032179085279
3712.446518166149
2734.2863708268687
2527.1265750380317
2849.1669782424833
724.8083604572851
2302.6948666288677
2383.5981361075355
731.9792663123658
251.06972525989377
1142.1087611276193
154.0559577062944
