3668.2552028133377
661.1537726509174
4615.45017261996
4607.486936584111
4308.929765652852
1113.8162563030958
2810.7779352668144
3006.806896113636
1728.6389761086234
3384.9941290757433
0.0
3029.5560981028184
1215.8842092866685
1915.6244532456267
420.4574241123141
1052.6956589465663
4618.415176312639
2269.3235671305088
753.2543733074922
4256.724907375885
4139.387304549244
499.85548102813885
3562.4709464448874
0.0
472.3173194459929
1418.6677650886154
4162.353379850939
502.16225826321795
2147.4097495303627
3236.394917142306
676.4214884939121
3857.495214732371
4616.869902917036
1987.3707818625678
8.777413074943855
4613.600712641393
0.0
0.0
2778.2779306527686
3786.656410181006
2881.809792036587
4604.206079428178
2297.469783185888
2034.0020016047233
3976.40424394366
2545.327203347831
1184.1402813767534
2630.4992510877637
0.0
3730.232524893181
1960.4887412555122
1256.35271411733
1624.987770614849
3099.9995482928666
1719.1485712647952
886.5186041008502
2922.672394996093
985.7929401553246
4602.506096402176
2404.876946596356
3975.2117830585066
6.049993583346361e-6
1368.0339151032285
1003.1416554871363
2012.6398106263525
3396.0914881552567
0.0
251.0697252598938
2929.045521891817
919.5196972592864
4611.185719090144
331.97224872595393
1437.9855801196913
0.0
7.739696138683728
4605.735493291693
1084.0897380893816
4116.71608743562
322.26292878573594
47.70847146213385
