0.0
4618.415176312639
2518.4334475792175
2895.4408264115796
4237.441545868836
3883.107304061148
3333.6365876109635
3898.9018737325605
3083.9693390911825
2675.9466434062733
3503.309455272619
1525.6631069154012
1813.7583380162048
4107.393349739562
3389.633700538295
2614.9962795085503
916.5698448572939
3417.974500203798
2922.445377272944
3631.4357496586026
1881.2634516104226
1997.0269285234256
4614.290366111087
1837.7174111574598
2119.8406866218943
2257.5707424619
805.8651905281813
4075.6168929539554
0.0
441.77835985605185
2629.519454444205
4609.807905189077
0.0
4380.791751856876
753.2091757796811
2668.8099563015785
4611.9630402186385
1555.4256616006708
4172.607151789079
2742.5723266805267
0.0
322.36147628354166
1044.4025212050349
2741.7892048289873
502.13945051978754
1609.250458004181
3231.110705468666
3981.9328571305023
423.90239442468555
619.4305573310908
251.06972525989374
2918.2683865280196
349.876561481561
2237.6293022356303
3981.3822538336417
632.2465342981628
0.0
4001.7212660745236
3281.8166229461867
0.0
4211.622298413415
921.2294133719613
1280.20699292204
4606.012132506432
2525.7467032326967
0.0
1.0326604613633563
1863.4532100722233
4617.057527044512
1305.1657884554934
0.0
1331.6342525176774
4602.506096402176
1024.8814394364128
2490.083579757037
3025.425882394944
3481.1127189582485
3672.4284285541344
4604.103185690017
3814.0690756384315
