1752.3794770774452
0.0
4256.092499992535
744.6378969198271
4044.38184505187
3094.97471571815
3013.5622248391223
1838.3090186249194
2639.885754681126
3848.304443630273
1312.7927954896065
3739.754564434801
3449.271258016436
185.91300263906322
546.5957681998434
4593.822861129522
0.0
2411.796500268297
0.0
1857.6468404612265
2392.8719303861635
4602.506096402176
4095.694569650097
3480.3441842785614
2295.1115116394944
2004.756592026818
2248.994469803883
1127.7093827899007
3880.2301881232506
1072.8161519997097
3045.609216936017
998.0860240801434
4362.5648524623775
1199.7159418639562
2075.5006882280454
1455.4505137197043
523.8415600672306
4359.278809501366
1641.3070338198258
2093.9133261271277
0.0
4610.313947665283
0.0
941.5764478901689
388.5049688607519
636.9827525417713
1924.074417372463
1930.8486423916565
3553.1621457985675
3937.9086115332616
3234.6373050970574
4604.611690657135
3917.322937722014
1856.1358738786478
0.0
4618.415176312639
3161.061147871414
251.0697252598938
0.0
810.4203071318533
1582.383452513986
1234.3109267724944
3094.4753525280166
4359.23050610655
2776.9996809809136
2599.766019703143
525.1575553605655
4615.272191057004
3746.207417654896
0.0
171.0295550684857
1021.4502206717086
0.0
542.9464410860778
3152.8232327518576
0.0
1581.6415447434047
387.5382514337206
672.8862435913559
2062.9892559803093
