1908.779651558284
3416.269539883483
624.3207310748821
3808.864212570022
3283.0844411071507
452.15102678231636
4610.917795564754
4614.209844111449
453.6474804249903
2261.793115919906
0.0
0.0
987.2703441098936
1605.5665490051538
368.1929257498606
744.4654099174843
4178.685091845872
2660.067087916672
4105.251384532507
520.4165839510955
2215.7736962164176
1893.468053169027
4207.035244058751
2549.167256761019
307.75173614410977
445.6973873290206
346.49634061465207
1600.409641283814
3283.089724852687
850.8625610219356
1658.1880358303786
3144.6236601913006
2733.2379498811333
3984.464182044058
266.4628007254204
3640.5791610658894
4188.230263585754
4602.506096402176
905.7341832006566
2077.5874161708643
251.0697252598937
2397.5743055893404
3567.432422821452
1468.7552069352898
0.0
4604.596534249279
4609.471716000797
3106.9975174789915
3003.5732912967383
2120.0320203903448
1183.716667587601
4168.250294581068
3467.2244195276853
796.2533229436502
1460.1498860246506
3733.558233544539
2651.5696486227625
0.0
0.0
791.8495829186691
3430.813818793845
2202.893471812038
4618.415176312639
4102.164059950079
3918.31227737716
4612.772749195967
1046.6165912882923
736.4765892666551
1561.0182074742977
1815.2250525867305
1063.7493054796123
4617.094230051972
0.0
1167.1885211120584
438.5003206563261
3211.201973241301
4208.291159099202
4351.542579422218
0.0
2724.8348147819065
