1254.378613536028
4051.5718867733153
4606.646380254331
1282.5005082218981
1400.5080481107752
4015.704174737416
2670.5460337518607
3863.684439658803
560.0810713108237
2815.8225820846924
1948.6103010348554
818.7661894805636
1773.7042380485937
4611.281307535112
0.0
308.1644463667272
806.165006593707
4351.542579422218
3835.6547292218847
676.1616303309985
2853.2466531340247
0.0
2026.4938439253217
1570.869459213487
409.8322845539994
4609.718322137475
38.58516224394664
2699.980174535847
2168.4952785600813
3004.6438171383306
468.13582559397435
2387.4297433062925
3544.056129133988
3629.689922706266
4602.506096402176
257.1530959436415
0.0
3089.266346860003
4198.96212600162
0.0
3994.786966514088
4617.129767676216
3918.031521079639
4618.415176312639
2138.875827407182
0.0
3301.616680399685
0.0
2830.6691978007207
3440.4633645314825
2086.2462610510224
3690.457625875147
251.89121954962812
1713.3177819849448
0.0
4605.226309279686
2572.163182425511
0.0
4608.473674338428
1311.5239536119652
2050.6809528876406
2110.52987232832
1564.9675336033692
4614.637040348418
2866.321139858847
4287.811807973945
3231.336594963217
1187.8135912355256
3000.200379043374
3764.246078729303
2913.9039917569103
4612.828451549638
4336.4485774332625
0.0
522.9138089718415
489.66354838326583
977.31074089507
2274.510530643819
1941.7024623429572
4607.167272671241
