674.0585393725542
2821.857496928297
4606.809584034008
396.4838798829726
4616.01031137293
3718.707144430986
1147.1175995534577
3445.633893293494
2259.2141067034872
513.2643623150658
4602.506096402176
4367.345451052746
735.228675664048
1884.7120212275754
4165.824497325949
352.1899469706208
4613.835976261067
1032.5842752347953
4056.498062734765
609.2214411343243
1922.6218105481958
1839.5918162640232
453.0093381172259
2807.881712997462
458.88826657370936
480.53498332797324
4231.9521032608
3218.5992566212003
3876.9879264375345
3344.3021609552147
505.03531884189243
4552.732948022362
2207.8078015513765
0.0
3054.791734488463
3169.428116632161
1283.5908045119734
1939.436483865826
224.86001462123363
4020.385033949673
374.16208914249944
1731.0375821754812
2207.8359969423655
0.0
4180.123260946758
3291.3196759346574
3622.3972315191913
4359.062682348165
1262.494531138681
4049.6899280622824
251.0697252598938
2301.6516192852678
2679.273669327386
2120.3531687915456
1788.5053348532595
4618.415176312639
3001.716217677601
4319.238926163346
0.0
1340.5607947620308
2306.4179003948666
1812.9720581635088
2001.222101534947
3530.6275815722793
4605.105007262691
996.0350378334625
2852.696903694082
2465.374982492395
3167.4127772701154
1537.893644750684
4004.9179744549197
2745.2273360158392
0.0
1306.4231210053367
299.15123334914256
1391.4073236009294
1008.6277148697332
0.0
16.977811401546212
3643.515885826619
