1047.8859995743383
2724.9588250591887
0.0
11.2801696393095
3006.3764218621845
3615.0952635562703
4604.375570839158
3064.600190400381
4190.189251492906
3200.1946800846017
4615.7687566586865
0.0
4169.610495906823
3572.2703536446243
2933.0053017779373
1148.8788549015542
2584.0508843964944
3741.695472781423
0.0
1593.2639745530012
573.12967237996
304.82069988111346
2201.5224625475416
2437.974901735143
1850.4947329204513
38.18605515355293
776.503156104397
2906.5427277378267
4224.756019748848
1499.0948641402385
4189.368751595474
4607.448057975391
1988.2298562158699
1300.674150634633
4275.233523394817
115.12052096067566
3992.373010704075
798.3268162564191
4602.506096402176
808.4744288934804
4255.872017972222
3847.8533959494303
4614.199913645704
3387.613129993426
2272.1279634025896
1405.474295001801
2206.639509567248
772.4036287376474
1632.1479124943307
883.7948718270181
2763.558813470993
2.475937351397991e-8
1060.804087314759
0.0
25.898412818166022
752.9445554565298
3978.208282575666
4618.415176312639
2150.3905028026243
4602.615580834547
4341.764320473124
0.0
223.65852728822006
0.0
3573.5723210219985
3517.6510844841923
3008.6314919524875
2816.2255076450215
3097.1579936775374
2297.577862578216
2365.8902796930574
3847.7151808031085
75.50618989042829
2494.925193972094
2372.7114898111313
352.39349493468137
4617.264492908491
1707.9999973846986
1549.2874413210957
698.3600640521197
