0.0
2804.3235873839285
2125.2870515205027
1075.6898996604793
3928.5797243989928
3761.052077651216
3036.079408488035
597.028185090586
2228.3865745165976
1812.0902496621457
0.0
3099.690327099538
3253.2377886479544
666.9824004477867
3363.3607714133905
0.0
9.533496488157532
0.0
1625.220011349702
4367.07675605062
3369.409047490783
2577.40321474239
1823.7205853031514
0.0
822.7488628050644
4615.869055302036
2909.6183154632536
4602.506096402176
676.0474232169348
2493.267466364403
1876.428232033686
4129.495512586105
1382.7187335585081
920.9555078089393
3112.6665425544184
4115.513385129139
4589.999069912262
4029.8005452645407
0.0
0.0
0.0
0.0
1896.8945908361923
3931.2761736823877
981.8855977367305
2330.6923475365234
3589.1938569497815
4608.3997603465305
3770.881867497339
3410.7347145267318
1738.0731190910406
4614.307927149358
2450.7170398085345
4605.110708604217
575.5457133325651
3731.5668068003733
482.0986883948366
920.9121152786392
2862.678761159783
1134.798709932577
2691.8785986975317
352.2723597710184
1182.5123007881475
1981.149583542665
1475.0658595591935
1467.8062542757277
0.0
1204.9069998089365
408.97865290927143
3120.401568047116
246.35288097804744
1834.0392193515536
4235.572729578323
379.6539293779232
247.44466747203637
1444.5360278067647
4618.415176312639
1290.6525212070253
4597.1384112483465
2123.556004277727
