593.8669113581188
3688.8087240063437
3793.4793539115276
2684.859522046059
957.5002361880212
568.9916016219667
3516.2842663673982
0.0
933.878036274866
1037.5162922726142
1829.4918730697875
4607.643313633456
4602.506096402176
1472.368823049911
3097.4139994533843
4166.012157258021
2964.93959867656
801.4005881384402
3271.419655355466
3383.087772882519
260.74621259400755
3491.6325504095357
4313.285561032062
1857.672328327983
422.57667306028515
1199.398148353419
4210.402496977775
448.78940493357214
975.9002757202425
236.08552713849477
3850.2055108884792
4606.198675989925
0.0
0.0
1756.575634751689
2976.0038976015126
2838.4968203246544
432.91887244353256
883.6364468308642
0.0
4054.536104076529
3172.2350510029905
0.0
475.7819540129139
1575.965395175836
2485.2412820985596
1840.9692831318948
4614.383969894269
3798.1032550296695
4343.0500899041435
4612.383760796883
1313.9850348577893
2750.2749977893022
14.04652433517786
3980.3463580699163
2196.5324262174877
4618.415176312639
2234.693630553476
4586.88087816006
3380.646461890851
3286.0281457647993
571.7228718126923
0.0
2333.0175914271517
4017.4425834862477
3453.728173142921
2457.8360934352777
3936.9405038873165
2575.4936866112976
2853.2970681466477
513.3722583078929
2093.8874676562177
2745.9200151008536
784.9727667972064
4219.622132943043
1161.2971875214
0.0
2080.2775698594032
3554.536293118137
1441.467307922088
