1226.8814485051842
0.0
4618.415176312639
1388.7974684932817
904.1883319739813
4607.999322275754
55.189046762943974
4363.9205699234535
1660.9776462690354
3006.186609565426
37.79636067491253
2978.7157039954877
979.2857606318164
773.6982581488838
2759.5044163977996
0.0
4367.345451052746
3359.492439019925
2600.183467441201
475.50849530091034
416.8192696839762
1933.3465649495795
1834.2535670900506
2157.8232775244132
2714.957570914001
1535.502104027731
1333.2750572150348
4603.677080431561
0.0
832.0262391032397
1012.5181149468546
914.0458727813767
936.3263384441384
306.44001101830884
1562.72737121049
3911.433246953991
2196.642401750245
1375.1125576278168
2354.4520367844957
3146.1281261226995
4597.305744457839
1406.5449786870101
3590.5631856320797
1769.6179984811001
3929.8536952735703
4007.046438879426
3151.5218748447974
2142.787840653712
0.0
4605.230791051369
603.6627496625177
1062.4577129371112
2641.1806984122886
3183.206120580324
2111.833713179681
4613.547450437513
4290.577687168154
1189.7779540666866
3003.2465173510163
10.471650065992435
3238.4517176808968
520.8688661479887
4610.548068470127
3716.513243941336
0.0
324.2768199671135
2630.841874381491
4116.275725792852
0.0
3559.3609828239023
2530.4422060989446
3914.761126421883
1537.7681867148237
2021.6907360812195
3740.0875969716217
4602.506096402176
0.0
3228.3702285878394
4242.885749095207
678.499325850675
