503.37324801153756
1.2871111926056557e-6
16.23909043874439
2715.7539235541135
2895.9087415174945
1870.736590112498
776.5434772743124
4025.942240227896
3343.3339859491716
4580.885799354828
1760.9150250807152
768.8430702135854
4005.760717579308
3012.0035348154797
4608.247162294812
0.0
3236.1217976413363
4427.657840195093
2678.452059613179
2827.5621796895757
2133.0951280138383
1020.2595357997614
408.82907790568356
1455.564465061328
3619.2906093635793
272.0016227043702
4312.250952961662
0.0
3300.367146073
537.5081096904901
502.1394505197876
1305.4131966562272
1071.9103813265801
2509.151122280017
3436.6523757268237
1517.018951250833
0.060384026416623056
2045.597609850748
4168.066713845915
315.1934394152301
4612.260643271964
2805.5958170561826
2856.7931842744315
831.4590547993839
0.0
4494.684181002778
4602.506096402176
339.7155319503098
3302.7439001150096
4606.331244984987
0.0
752.8124387990713
4618.415176312639
3121.826657256195
887.2383100936745
1850.2983217019237
2421.6261532879703
1804.377911419788
251.0697252598938
3886.079030616128
1512.7923845179519
1442.4006288049773
2226.1071479171987
4367.345451052746
4610.152682988217
615.7773050059576
1157.0070877912299
0.0
2519.18236688833
3732.04265868228
1930.4341468562345
4284.567772412277
455.8433943119715
4603.903513111683
3679.5914295274674
2358.314959517068
3194.3049617739093
2306.4863675746747
3720.2278956258224
2419.9782292653017
