605.017502067114
2386.4288183240383
1676.4220925985387
4606.708152460787
3944.8438951937997
3813.967696230323
3378.9698934630624
3027.8937135603446
0.0
1649.1075484558219
3642.6479098478476
1220.2592268121448
3649.750637009274
3445.481611109477
1178.2470934711407
2722.2378271532343
3822.4188738108137
2613.7424177902813
825.6816101870533
1862.1641438700512
0.0
2897.340156873001
0.0
3591.269210554866
2731.603975418215
2554.916485322672
4339.594306126564
558.4757201881198
2142.5020646932767
4618.415176312639
4609.099963311353
4182.446705051256
2473.7640303676853
0.0
4614.2792969834845
4022.9080616302185
4010.6354405858747
0.0
2952.146194203544
4364.613431369208
663.5987209111739
597.9365715225847
0.0
4616.476024714671
3779.041605351668
1128.8017703610096
3597.509052439443
1447.8544466780213
1256.044584857937
2302.813130515942
1154.8149660988822
1682.2679993506256
517.7276517271891
625.1666402855601
2297.4960829259107
4611.82199197798
5.044005172602667e-9
1877.639408219041
281.6911882856479
568.8808895427336
2635.3900999646276
1305.0341400352495
4602.506096402176
251.0697252598938
1217.215114582486
3285.5569354973545
2609.373073705695
0.0
406.8640460006626
448.6082276972499
3251.1167520868685
2025.1202570471744
0.0001955722675935052
0.0
2652.1618439943486
631.5399534543483
2817.9213384313125
1263.0116738020265
502.1394505197876
2776.3065973269295
