1829.7318379309722
1575.685360235485
3556.7469072253793
259.56997050356006
2259.9482370988344
3553.954604153682
1305.4261161213767
1091.3820271372056
1262.7476790431544
1765.058793571817
2733.1005008780776
4602.506096402176
620.0310778138619
3190.6052666986493
3058.8642360742924
573.5276970766519
793.2760705414307
4616.840442819226
0.0
3436.063664108126
2875.4984648383106
4367.050408052988
60.70808681614678
142.95323548738733
504.844789276882
2810.1578626748733
3700.9826432664563
686.4977130026093
0.0
714.5488047855907
1517.6027618204935
4605.71734514345
3560.885547490609
957.1675889526945
186.25434085645026
1730.49846379331
4618.415176312639
3684.6187828274055
36.71064221487206
4309.924943302663
3858.0746419241586
4215.919288329991
2123.2818860895527
4345.382015000915
0.0
4609.011218847895
2419.9119979643033
2335.4832182874966
1787.224067160072
3148.491804925118
1363.975405031697
301.4494715089003
3975.459319073295
3590.81378018242
1193.2584197026492
1668.2356230318035
404.1008748845112
2640.8975222177396
4603.770369915025
0.0
398.2753214642473
3305.877217418397
1564.19599526138
894.3754430407585
4610.489616474337
60.81670195749847
1520.5827904502314
3409.8169072058854
3810.21313589827
1930.6373371683608
3639.764132975014
4614.093479307549
2444.8335164290297
2096.2995415753167
3549.909865332258
306.21519008181554
3553.329307553382
4607.286224134448
1979.1629351002214
1693.3636175101815
