2488.73729047759
1543.19953433573
1180.1787428469563
242.55140566904782
310.72742083606715
146.68478407079925
1729.2410050156977
-287.83386361131267
1455.2460810948685
638.7428463577966
475.944493915589
1359.1548422480619
2275.68210909313
2857.604627663481
2234.8410050156976
1129.297024816559
2063.7400721339795
2811.7840772733866
865.1369236664327
1704.5868973139104
2048.79953433573
532.4895307781344
1795.99953433573
2487.641005015698
2766.1686997471584
736.3904026823196
2776.750213662074
526.6135602988195
2624.347874438028
-219.2998509507304
2997.3029778062846
1290.39953433573
1982.0410050156977
3064.584077273387
2499.8266830857137
20.13340911098712
-35.033863611312654
925.3120735262893
1037.5995343357304
-4.4428036885190837e-13
