2199.55723029186
1842.4299007311085
2523.950213662074
-287.83386361131267
2452.6027679527165
935.8027679527162
765.9179934747779
-76.45204527451722
-4.299441015294273e-13
874.7238876965298
2861.1396347227587
2554.4630833007473
2776.750213662074
369.55673294339783
2199.802767952716
2354.4404809535918
2671.615166228055
2947.657726213101
3019.221086797529
-85.2657426252003
544.6872929922356
326.5541759090474
1693.9572302918598
1566.3833520790092
1441.402767952716
622.3567329433978
1200.0945868604526
3064.5840772733873
-245.04955853992317
116.38925633011547
314.86464613124804
1946.7572302918597
1188.6027679527162
2705.4027679527167
1447.025908576156
116.7567329433978
1046.4996729782902
665.0143974721549
1694.202767952716
1947.002767952716
