1597.992189497319
2161.699267211297
505.80502916858075
3012.3685629829133
1254.555681058981
-239.54650423313453
2776.750213662074
1327.576752479018
758.6050291685807
2012.9556810589806
2901.252408844889
336.25874892314135
1074.776752479018
316.376752479018
61.175899447936324
-4.756441692975691e-13
-287.83386361131267
1895.2798589286524
569.1767524790181
1507.3556810589807
-59.64930918686687
1006.5803551137808
2811.7840772733866
2698.4670481124776
-27.751820044673376
595.9202578971335
1760.1556810589807
2596.5874792442855
1663.6016602912723
252.9025145842901
1913.2015646595296
2265.755681058981
2614.5655418265487
2164.4298661184134
2416.199728467731
3064.584077273387
1259.1465321549902
2424.2457189813235
-136.643234550514
821.9767524790178
