1239.2010889142855
1487.7473866892128
1042.3836332043045
835.6755540645655
-237.67817195135376
-131.661328819372
2018.3502136620743
2811.7840772733866
1680.5707856905192
1512.7502136620742
2004.588135893694
2776.750213662074
2859.9559872504983
470.56613638868737
327.1349254211251
758.3999999999996
217.76613638868739
2961.70057404399
1259.9502136620742
1033.3237063113265
252.79999999999959
1765.5502136620744
2340.651275629174
625.3862421757028
1400.5027637973058
2560.8827036181547
723.3661363886876
505.59999999999945
1878.7145927578485
-4.305760533916916e-13
2137.477122523524
-287.83386361131267
3064.584077273387
2523.9502136620745
1007.1502136620743
-35.033863611312654
2309.818426947356
2558.9840772733864
2271.150213662074
98.56420057747619
