-84.15443681990119
2275.1690454887516
304.52998765520033
1512.7502136620737
-287.83386361131267
2523.950213662074
2022.3999999999999
2271.150213662074
1630.43632228448
3064.584077273387
-56.52444745711673
758.3999999999996
2776.750213662074
1872.6888254466899
125.88561456412134
537.2009057293599
1765.550213662074
1392.4529512384743
2084.780367232521
-247.7128245076322
2452.843650428902
973.2575228056753
1011.1999999999996
2631.7987730547516
-4.761992808098817e-13
1769.6
505.5999999999995
1253.1139797898747
758.576419897842
1263.9999999999995
1011.3764198978419
456.6917279911718
2881.2527133152344
3004.283137516455
252.79999999999956
748.1090856532916
1516.7999999999997
2018.350213662074
2811.7840772733866
-167.33956179397006
