1589.471987173275
1259.9502136620742
501.5502136620742
2558.9840772733864
2523.9502136620745
1693.892105100538
-4.049786337925775
1441.092105100538
1946.692105100538
2118.9635068669263
2673.202993544717
554.1915417963545
1007.1502136620743
754.3502136620742
1512.7502136620742
2018.350213662074
2776.750213662074
-287.83386361131267
-4.4830492731617456e-13
346.6683828538027
3064.584077273387
248.75021366207423
1765.550213662074
24.103820602727414
252.79999999999956
2306.6673479799592
935.4921051005383
2419.291609663081
1222.7901139520507
736.130794246093
130.99901416056863
2811.7840772733866
536.7693000916582
1188.2921051005383
-212.87177396284304
-82.75596293086956
2271.1502136620743
2995.394549616596
-184.85919989826502
2889.884382540631
