-115.58405736581545
470.56613638868737
-287.83386361131267
-35.03386361131265
1849.5711130518152
252.79999999999959
2648.9800638787965
723.3661363886876
2296.2209286195634
775.3430617185779
2054.1241735771705
2032.4329655725815
976.1661363886877
2549.0209286195636
965.3667930877743
1665.193378854297
359.00169579860903
-243.8075429999629
2776.750213662074
1480.815644656779
1280.0828701946743
1530.5864156542827
1779.4841707140572
2801.8209286195633
2184.6971495761973
1228.4908905227335
2269.511335533515
120.47143845078426
2945.156911123126
-178.37158325447012
3016.8429889756726
585.0379103160459
217.7661363886873
505.59999999999957
-4.799525837537035e-13
2522.018475134165
1028.143061718578
2563.5702290214494
2856.8234802156476
3064.584077273387
