527.2049980094985
866.5884457953417
1527.2676033647597
766.7809719776552
1293.0660365126666
124.24983474277121
1611.149183991586
-182.97570186427254
2046.1324154342706
282.4210243902629
294.1836837263857
33.904160488969616
3064.584077273387
2918.049871716992
-178.12836266260678
546.9290293946265
1933.0165726398327
2082.230805417371
1087.7305051362064
-26.61416075445405
-6.493649910904664
1633.906959018787
1189.8672820378977
541.4982458471821
2251.5581559238176
2339.8216741212864
2998.974121407302
2752.9140335638285
1514.2731048411795
2550.4344994955104
962.8108723597381
1780.2548739995539
787.6759382673707
2295.8838568075807
52.26324869729889
2566.1704048453253
2745.200698667313
2030.0224852246095
2777.72899577335
320.7076125406745
