1011.1999999999996
2626.818793909861
141.3152267654111
-4.743486428177971e-13
1543.5625316839687
-287.83386361131267
3064.584077273387
2053.384077273386
1169.6976995030814
2776.750213662074
19.585575014105682
1386.9627594992535
252.7999999999995
2853.2805913092234
1733.5541895110587
1422.497699503081
1766.4514729752702
645.8860953904446
869.9805966425407
2396.6910180130003
1159.4756629492726
1737.6690556446642
-234.5657565340929
583.4193620078323
505.5999999999995
2306.1840772733863
1352.127121057209
2811.7840772733866
2500.8304011453597
2114.357296931397
2558.9840772733864
2175.725011354324
423.2605269136918
-112.95254367712376
1932.1039809591364
2269.673435188668
-44.58151734996068
3007.893482990796
330.6193620078325
758.3999999999996
