2155.064281796905
1712.46066140517
-4.350129328239047e-13
90.54995468383248
281.77032136930023
1710.4510406669187
2767.2746839615934
-35.033863611312725
2776.750213662074
945.1355305234699
-287.83386361131267
2651.61480710408
-139.0301486659421
2811.784077273387
1952.763768575303
1702.9399842997154
988.7591853316403
2875.3237422030707
1197.3399842997155
3000.1847690385243
2523.9502136620745
692.4573427227834
217.76613638868727
1963.2510406669187
1395.7995300064192
3064.5840772733873
1961.9972063147486
1278.2700782350107
454.5749250475968
-234.49996900299908
2216.0510406669187
140.88516068464992
2382.245065935055
787.3703213693002
2468.851040666919
2271.1502136620743
1450.1399842997153
1205.9099453579174
534.5703213693002
1457.651040666919
