615.8211125666375
933.0153760654626
1512.7164820863213
758.3999999999996
1293.4471667300736
-4.267079594597516e-13
1691.4258006530483
-287.83386361131267
2197.0258006530485
357.37063042183195
217.76613638868747
-153.92458333057579
3064.584077273387
2957.0361995943035
-234.71815465257032
470.5661363886873
1944.2258006530483
2219.1853804048724
1118.847394168317
-57.19424337797378
85.19097105080517
1551.7173131669383
1263.9999999999995
505.59999999999957
2271.150213662074
2523.950213662074
3019.8436712015196
2811.7840772733866
1477.712900326524
2632.62427067483
1011.1999999999995
1765.550213662074
723.3661363886872
2449.823355029602
-35.03386361131264
2830.277213974402
2776.750213662074
2018.3502136620737
2889.9680628145848
252.79999999999959
