516.8479802803664
642.5620618600045
264.04798028036646
2515.7671533355374
1694.5826754629943
2776.750213662074
2010.1671533355375
769.6479802803665
2768.567153335537
1883.7387471976238
1459.3060784837778
2282.686319637294
1137.616615393711
414.22849326007395
2412.4141186150378
2262.9671533355368
1251.7671533355376
-86.32299044483615
3064.584077273387
1255.5833973015056
-23.18499857347589
663.7991998137886
870.4912148477877
143.42805673183136
-35.0338636113126
952.2562717576328
-287.83386361131267
3017.583155630205
1063.6253867525493
2936.893014896714
2078.585169267455
-228.08355861585196
1655.4863388695499
1504.567153335538
2523.9502136620745
252.79999999999956
1757.3671533355378
2858.0732608044673
2618.9036751926733
-4.3734147494800114e-13
