53.58125426399205
2117.6298879352275
2647.7347186459087
908.9717705301324
1455.91382525247
2840.5520960245894
1623.6262115925658
2018.3502136620743
954.110608736793
179.81300272902874
1610.732019456671
-4.830857935900212e-13
1203.010819473502
1245.6751387018714
572.7550018780919
2472.2379179031254
2271.150213662074
2811.7840772733866
1118.026211592566
2776.750213662074
-287.83386361131267
-35.03386361131268
2523.950213662074
359.62621159256594
865.2262115925658
3010.5157607503124
402.3571520054469
612.4262115925659
-240.3890192574529
1876.4262115925658
-176.6402183675044
217.36574519115183
1370.8262115925659
1765.5502136620744
2924.743192223109
744.1860959876748
3064.584077273387
2382.026211592566
2129.2262115925655
-48.65177216162262
