159.48408896866738
2546.838998049911
1806.6371046708828
898.4202050667013
2271.1502136620743
1614.0420610008243
1123.064891630709
1729.9770632489074
3016.4682014777695
2323.7353368056024
2523.9502136620745
2558.984077273387
2306.1840772733867
705.7718623299739
367.78839745107626
-35.03386361131267
619.9944454582704
-237.22394398955925
1982.777063248907
1469.9374767631027
1800.5840772733868
1302.8441353583717
-147.0936102528392
252.7999999999995
2857.218873648669
-4.714114440161857e-13
2776.750213662074
-287.83386361131267
2064.9568353986647
2935.9722562960906
1547.7840772733866
870.264891630709
1097.342467118147
3064.5840772733873
2053.3840772733865
2811.784077273387
1375.8648916307086
502.7980234217568
-70.57453409635306
336.42987272429696
