2776.750213662074
2941.4748123237973
236.16253576053163
-287.83386361131267
1536.8223039572479
1793.73504355122
-59.75691874898339
1931.4175931848738
2861.6263760144493
2121.2562784814154
3018.1660967304633
1092.0701825823294
2046.5350435512205
557.7709724865667
1540.9047241354301
4.8549729007301865
1317.4715258042702
1744.890750000297
1291.5158022765795
1570.2715258042701
559.0715258042701
-4.2615284794743904e-13
13.088762877235991
-227.59535095957733
937.4220255216788
252.7999999999995
3064.584077273387
2523.9502136620745
2613.124632816962
2552.1350435512204
434.80001629951096
2315.342927918619
2299.3350435512198
811.87152580427
1064.67152580427
2804.9350435512197
810.5709724865667
-138.95596585314343
302.30441418679766
696.3421086061842
