2020.7703814470456
-4.58114672830583e-13
-39.216938937743656
1902.9677939000721
-205.7568335182842
134.1687799304146
-90.8364386331999
2718.508949759153
897.6810975165413
-253.7974512024583
706.6108519256256
2158.522653167658
1077.755869910902
1504.0618156047299
3064.584077273387
-287.83386361131267
1829.9998095122992
1144.5677939000725
702.7677524048432
2968.8468383210097
1397.367793900072
2857.5867349342366
-143.34171418057235
19.737473428407643
891.7677939000725
2776.750213662074
3024.3292199959315
1650.167793900072
2661.367793900072
1677.567761298558
1330.5558699109022
2155.7677939000714
2271.1502136620743
476.42097405810523
261.9366043735015
2523.9502136620745
2408.5677939000716
2641.7469688822625
461.3190417358129
454.03383810844605
