-203.32440015319864
2042.8759993837825
-79.22655747115647
975.9703067736816
728.2391360596473
1481.5703067736818
3014.684335840964
2018.3502136620743
1365.6909247992191
505.5999999999995
252.79999999999956
1769.5999999999995
2306.1840772733863
2558.9840772733864
758.3999999999996
2811.7840772733866
-249.77151728864544
2271.150213662074
1011.1999999999996
-287.83386361131267
1715.304674876088
-5.606836829337974
2024.287631820889
207.83530838545397
2900.966123137382
2776.750213662074
3064.584077273387
2682.1281813750425
2053.384077273386
2420.8967101180697
-4.512192627558156e-13
1116.2020894412647
1516.7999999999995
385.31470418233494
1228.7703067736816
2523.9502136620745
1734.3703067736817
504.82238191083775
312.7388575396729
1263.9999999999995
