232.18407273219853
2306.1840772733867
1800.584077273386
-4.4788859368194013e-13
1042.184077273386
1910.1066050600157
-81.47120400876483
1259.9502136620742
2523.9502136620745
536.5840772733858
1547.784077273386
789.384077273386
-243.4931735311679
2985.02574585567
2811.7840772733866
1147.146771830911
2558.9840772733864
1512.750213662074
1409.2176479914042
603.7954071170894
-20.61592726780154
2018.350213662074
2271.1502136620747
-287.83386361131267
268.9972172410059
737.7840727321985
2776.750213662074
139.55750435359516
2288.9446235530404
1294.984077273386
1765.550213662074
2053.384077273386
365.41946918613604
999.0860481945999
484.98407273219846
2866.691963582005
-164.85990229170108
894.0228879297148
2643.20543547967
3064.584077273387
