723.3661363886874
2116.592392618213
2515.614926030414
1331.835452966454
217.76613638868736
253.00625172312127
2776.750213662074
470.56613638868737
351.56036692896873
2001.40353184806
2739.6893621784243
2748.9432032553914
760.661514062465
638.4760077252386
-249.74563330365808
2200.8602222067548
2483.2223889649804
-4.574642672693322e-13
3020.174024613223
1519.061514062465
1228.9661363886873
2231.0704132229616
1481.7661363886873
2368.855540052374
1863.7923926182132
3064.584077273387
-287.83386361131267
-190.16175050213275
2944.580683442639
998.4673495583488
-121.03722652262002
1013.4615140624649
-53.219515780947944
507.8615140624651
976.1661363886873
-35.033863611312654
1672.7792645034501
2579.8328810391463
1770.563409550634
1266.261514062465
