2802.8794943021885
2422.474611403538
2179.3257083263893
-84.87958993095872
505.59999999999957
1997.0993753313978
1287.5516222050032
217.76613638868736
758.3999999999996
1011.1999999999996
800.334127748947
2640.5163963085597
1792.320257383907
1263.9999999999995
992.7785358259364
1037.9433205246646
2386.0024979442087
3029.250436217217
2776.750213662074
-210.67275470608945
3064.584077273387
1810.9393530092325
1608.5623207557649
252.79999999999956
1516.7999999999995
611.9935728933576
2119.730965495623
-287.83386361131267
1400.515070952799
2854.2820218671122
-4.645419390513175e-13
28.465641319885897
423.11533227624403
1539.520257383907
2453.6752219857667
1822.9773598893146
2616.421179942388
2236.725188500454
-35.033863611312654
2964.508511138226
