1917.4760199221591
1195.416978452489
-50.311767863225015
1159.0760199221593
3064.584077273387
2574.545201387305
1411.8760199221592
2676.9940427401443
2144.9081045173475
3029.2442102110635
-287.83386361131267
1448.2169784524895
160.94358403786728
2002.6305374142974
-250.4915676813672
1053.545392735791
2372.340189112536
689.8169784524889
-67.7067145018571
1358.9693518102754
653.4760199221593
1701.0169784524894
2446.874238165622
-4.2679435621406216e-13
942.6169784524891
400.6760199221594
2818.755386749366
-135.43897148461315
906.2760199221593
2204.555084964675
2776.750213662074
463.46176020690064
1953.8169784524891
1664.6760199221592
2732.2051371295315
2892.867762522397
251.21921811906964
782.8018398079614
2977.6705854365946
147.87601992215937
