432.3219817753656
483.30198868676695
1765.5502136620744
2523.950213662074
1294.9109885573293
-15.760115437615656
2776.750213662074
2496.9684371555504
2191.7688286402326
1911.986670897318
1063.6483263616433
736.1019886867666
-76.48163651685078
886.0472639995717
1502.0203278746962
2632.838064073997
-35.03386361131261
228.70644012552123
2953.829644174312
291.43253754330556
630.6914348210375
1689.013919064506
-287.83386361131267
-215.47888296001443
2444.5688286402324
1247.12675473084
814.9542643421438
2767.7536601931865
2018.3502136620743
3064.5840772733873
3018.0999574691987
988.9019886867666
1176.358679837691
-4.330046662580591e-13
2136.361313258753
2271.150213662074
2870.6140984726976
1841.3806784367032
230.50198868676665
1499.92675473084
