1041.080715671075
3064.5840772733873
787.7568655146608
96.22434982404133
-287.83386361131267
2776.750213662074
501.5502136620742
1108.7800522312173
2091.6714420933963
248.75021366207415
197.7333003559608
2671.692257490483
2523.9502136620745
505.5999999999995
572.2188058680595
-244.81709407068496
2558.984077273387
2999.3305829609067
-75.83120185213926
-4.049786337925875
2890.566387828799
1608.7521758243283
2271.1502136620743
875.1954063086218
1007.1502136620741
1351.4319858468136
1646.5786817674357
-177.67458652845718
1882.9176095819107
2308.8837999327925
1765.550213662074
1512.7502136620737
1558.7987984875444
252.79999999999967
754.3502136620742
2415.8900970394907
2018.350213662074
-4.5260704153659704e-13
2811.784077273387
1259.950213662074
