2935.409772303751
982.6217150238413
2138.1006883513664
2841.9601226945942
777.3150894943744
1185.4154591572587
1293.879811448521
1507.315319842022
96.07941212916339
3064.584077273387
1393.2577619965373
2811.7840772733866
758.3999999999994
2338.153302611412
880.7862072369155
2265.7153198420224
1739.0745145055346
2518.5153198420226
2012.9153198420222
627.9862072369156
-287.83386361131267
1923.2499415963616
549.6222682100637
-236.07962399344277
159.06945439580787
-110.03700226687505
-4.579669976578771e-13
2776.750213662074
252.79999999999956
1760.115319842022
2698.789750816491
2561.608224163367
1539.943182262121
1042.9753852030003
-35.03386361131269
3017.3755089773863
377.58960643733104
1189.9152747896321
505.5999999999995
2410.102643298086
