1218.501572052117
1471.3015720521166
468.07492975815
-4.4414159097383023e-13
2482.0419911018707
1741.305959309867
-76.6267798397758
-35.033863611312675
2829.8629321240383
3064.584077273387
2523.950213662074
655.7415114133915
1450.9080984182428
505.59999999999957
2776.750213662074
252.79999999999956
1934.0387583263196
2271.150213662074
988.450786026058
2656.031467525374
217.7661363886873
847.8925914024401
-236.4791849975676
1443.245793951132
2964.0510352730344
1724.1015720521168
-155.80058627232904
1127.994996229993
2229.7015720521167
1666.5358940763915
-287.83386361131267
3021.173508576121
2811.7840772733866
997.4350678772599
2894.877749877691
2018.3502136620737
1231.713804801139
2248.645961417273
758.3999999999994
1976.9015720521165
