2843.0826931400493
1052.4149734564471
2070.3678328510587
863.083702705924
1564.7678328510585
2368.781250217944
1296.2083551928401
2476.001939223801
-287.83386361131267
1052.0277369579962
1817.5678328510585
2358.70357003492
2685.7991196399093
117.67932792923281
1954.7234367167534
2247.588617352065
-167.28101790888525
2621.581250217944
242.1592824921467
-245.33967463487284
2885.459046393922
-87.92366511295273
1741.2130464236113
547.2909263988831
522.2148948418876
800.0909263988832
1298.1430714658522
1311.9678328510581
1544.7509115774278
3064.5840772733873
294.4909263988831
278.11026858279564
1749.5894292537616
2146.4267043609557
747.7592824921466
494.9592824921467
3027.883803556959
-4.2712429309398605e-13
2776.750213662074
-10.64071750785332
