2812.5649767391988
-63.77259147919071
-144.05176742664622
-4.662082148523549e-13
1428.7927238174666
2206.9627992657843
2776.750213662074
2184.6319658676925
470.5661363886873
2831.8563208525966
2018.3502136620743
1627.8084440970601
2642.7162854325943
-287.83386361131267
340.81481296192186
1701.3627992657844
1195.7627992657847
989.044973288319
-35.033863611312654
2271.1502136620743
1448.5627992657846
3017.3802585131857
-227.48209486862717
1765.5502136620744
1858.521981340273
217.76613638868736
935.6450382289479
2523.9502136620745
703.1055873088176
942.9627992657845
1954.1627992657843
1196.905522597066
690.7103210018471
3064.584077273387
170.407406479849
2684.595741465181
2921.1508790527996
1503.3043798112362
506.8139538181264
2457.3167567618148
