2361.580520441989
-3.3592895027621807
410.0191130090209
2361.580520441989
-3.3592895027621856
2209.7076311908354
2361.580520441989
-3.359289502762146
2250.7049084476184
287.00494160350326
2361.580520441989
-3.3592895027621736
1204.4597174057744
816.6586728556196
2054.7636604260947
1167.9714329242333
2361.580520441989
-3.359289502762177
2229.4011999769987
1392.2020170187998
2361.580520441989
-3.3592895027621594
101.32500960824697
-3.3592895027621905
-3.3592895027621883
2361.580520441989
2016.4518937703774
1109.4528426877323
2361.580520441989
29.04440123823106
2361.580520441989
465.4797192478538
-3.35928950276217
2361.580520441989
484.42793906026805
1407.5196935206218
233.8751973029689
918.5060262863256
710.7511848078747
2361.580520441989
