-3.359289502762175
-3.359289502762172
-3.359289502762147
1634.691015389129
2361.580520441989
2361.580520441989
2361.580520441989
891.8524968910376
162.82843920820335
2361.580520441989
707.1282719257795
1299.8881691382032
2361.580520441989
-3.359289502762156
811.4011119604663
2008.140277152106
-3.359289502762147
532.7853617950444
619.695363782415
2361.580520441989
1426.4285618594727
498.61103420911684
2361.580520441989
1071.7464458268805
2361.580520441989
642.5875220209599
-3.359289502762146
1456.4748579623895
305.41221609792984
33.496898111124345
2361.580520441989
2361.580520441989
1551.251882240469
-3.359289502762156
2361.580520441989
1163.4806435469798
2361.580520441989
-3.359289502762177
-3.3592895027621683
2361.580520441989
