1128.5711758552507
1187.246271119198
737.0795135128383
837.2295794278064
-3.359289502762169
-3.3592895027621656
2361.580520441989
502.41357123512364
-3.3592895027621816
-3.359289502762177
1659.978833815294
1195.4760494660654
2361.580520441989
990.3879669696662
437.4185790528748
2361.580520441989
2361.580520441989
-3.3592895027621883
2340.250378681233
2361.580520441989
1144.301580664904
1102.9534995796794
2361.580520441989
-3.3592895027621705
1313.6984833722504
1944.7878271847121
2361.580520441989
-3.3592895027621683
2361.580520441989
-3.359289502762175
1765.651504973381
2073.8118027527594
-3.359289502762185
1412.9198908262956
1182.4499678090256
2361.580520441989
-3.35928950276217
-3.359289502762186
-3.359289502762154
2361.580520441989
