-3.3592895027621927
-3.3592895027621594
1980.988847756289
471.1806534304948
-3.3592895027621528
47.3936754274564
2361.580520441989
1891.942046193602
1077.0282785846996
945.6193344579676
330.43356223740625
-3.3592895027621683
784.7621884545415
2361.580520441989
-3.3592895027621705
-3.3592895027621825
2361.580520441989
2214.954217379347
618.0406210474854
-3.359289502762169
155.22193545404045
165.21659665234992
2361.580520441989
1839.0254039533932
2361.580520441989
426.6160334384613
985.0717877579939
2361.580520441989
2361.580520441989
-3.359289502762172
2361.580520441989
1686.2963835143705
-3.359289502762172
-3.359289502762172
2361.580520441989
1488.109810139373
2361.580520441989
2361.580520441989
2361.580520441989
2017.1270319178495
