2361.580520441989
1515.58542502312
2361.580520441989
2361.580520441989
-3.3592895027621594
-3.359289502762166
1242.5546197199778
2198.4641589585267
-3.359289502762156
2346.264168837344
1668.2086603675023
746.3645194837569
2361.580520441989
2361.580520441989
-3.359289502762171
2161.7431499628974
1835.59547982548
957.3469282599322
369.35829392714254
697.2127232161508
1118.7347435776742
990.3485457669199
2361.580520441989
1403.020656783221
-3.3592895027621927
2361.580520441989
2361.580520441989
-3.3592895027621905
2010.0502833994651
849.7578154307034
-3.359289502762175
2361.580520441989
-3.3592895027621794
-3.359289502762175
2307.4240873157332
2361.580520441989
2160.752697961167
-3.359289502762154
-3.3592895027621728
-3.3592895027621656
