2200.102830426097
1251.6512517854133
946.9606289315901
348.716123941766
2361.580520441989
1110.7260216889836
2361.580520441989
2361.580520441989
391.97692539470546
1370.6444312120336
2361.580520441989
-3.359289502762172
-3.3592895027621705
184.98559226303888
2343.4562471358154
2361.580520441989
2325.907109134725
1945.7524028261412
2361.580520441989
1831.8224507017244
-3.359289502762186
59.20919669723642
1205.2112737760335
-3.3592895027621594
1700.4229517405226
-3.3592895027621705
2361.580520441989
2361.580520441989
1533.7396188799175
1053.3586784338688
-3.35928950276216
2361.580520441989
504.73688160810747
-3.359289502762177
-3.3592895027621763
-3.359289502762169
2361.580520441989
34.182535588344926
576.5048139029215
863.7532192325946
