1178.6579117867154
2038.537359460162
2344.831026696801
167.70578467392212
2249.111330825299
12.410248466874185
-3.359289502762195
2171.6749705902175
121.41473769544787
1099.3180239344329
2361.580520441989
699.7540141171993
-3.359289502762172
1196.3132982309605
1460.2032352665365
2355.8832552727263
347.6579230515998
1334.650620069217
1750.4995611195136
215.31160448818912
1243.926314228291
1409.3701164437548
108.19983292449018
46.056870522057324
2191.9159395663073
1954.503067306288
535.7141697826077
-3.359289502762172
681.7626809964552
148.04472422138224
-3.359289502746096
2352.916641536969
2278.7217591363687
60.87137894033545
2288.0831031015023
1569.7993877135107
2274.600361281689
2313.734290865857
1431.3872683911077
178.5906032760265
