1313.5596402771637
1390.7919360564972
-3.359289502762177
1995.943038616664
2361.580520441989
-3.3592895027621736
2361.580520441989
1356.7737754146624
2361.580520441989
801.0788444607531
2361.580520441989
2361.580520441989
-3.3592895027621736
2361.580520441989
-3.359289502762197
2145.980479379834
181.99973901565306
-3.359289502762166
-3.3592895027621643
2361.580520441989
1992.9524591923157
2361.580520441989
9.074927002836212
366.2551362485542
2361.580520441989
2174.904256331571
489.6354449750715
1179.7530781709347
-3.359289502762172
62.633203283092854
-3.3592895027621505
951.2314408206323
2361.580520441989
2361.580520441989
2341.634425219382
175.17090571001373
1340.211108880678
-3.3592895027621728
-3.3592895027621665
1136.8917350612417
