992.946709074874
-3.359289502762179
-3.3592895027621754
1521.5656792605012
603.690885752431
1535.02354582447
-3.359289502762177
1322.3284901658374
2361.580520441989
2361.580520441989
2361.580520441989
-3.3592895027621683
792.4807383276185
-3.359289502762164
2361.580520441989
-3.3592895027621594
831.5033408901724
2361.580520441989
1147.9761353897252
1922.7982061734315
2361.580520441989
2361.580520441989
948.6335791077547
-3.3592895027621683
2361.580520441989
2108.3451495938475
-3.359289502762175
-3.3592895027621683
1686.1944610461055
2361.580520441989
2361.580520441989
1721.472822263123
1203.2396592480743
668.2741431171735
594.2563702992013
355.7394910947145
-3.359289502762177
1729.7241735655412
1705.8224023782748
-3.359289502762173
