174.41639580636178
507.2794882265946
1268.213511660393
694.0399628332286
-3.359289502762171
1092.9949068065455
2341.095178722835
2361.580520441989
-3.3592895027621705
-3.359289502762186
2214.7391690246905
1589.5969519438204
2361.580520441989
-3.359289502762177
1640.2548102717988
2301.0510060739934
1418.7495539452789
286.95378664339205
2361.580520441989
1727.598903616438
-3.3592895027621585
921.9616730591143
1073.4592573614377
-3.359289502762171
-3.359289502762185
2046.1103285380987
2361.580520441989
2361.580520441989
1217.0721773154107
1724.5531135184588
-3.359289502762169
1809.6040408323602
2214.1370468843065
2361.580520441989
2361.580520441989
-3.359289502762185
345.1252040724562
-3.359289502762178
2361.580520441989
818.8952130994746
