1343.9987825322385
1015.9319665296757
-3.359289502762171
1032.8366008076655
-3.3592895027621754
-3.3592895027621505
416.9134735304108
2361.580520441989
2361.580520441989
2335.573773287698
2361.580520441989
1433.8577795546557
1138.9591619725225
-3.3592895027621736
1171.4176871089605
2361.580520441989
149.66462277230977
1551.6672637859551
2361.580520441989
525.7670817542125
2361.580520441989
2358.626174400605
2361.580520441989
-3.359289502762175
774.9688378343851
-3.359289502762162
2361.580520441989
1755.9469417550747
2273.068990313842
1923.3713083774726
-3.3592895027621807
206.54368109244828
1232.666539384909
-3.3592895027621505
-3.3592895027621585
2361.580520441989
2361.580520441989
20.215111613203085
1.606965763336602
-3.35928950276218
