180.20518043052522
961.6663791988676
1670.8141853492011
1949.1195837181258
81.43990808571158
-3.3592895027621514
2234.5502118819563
2361.580520441989
-3.3592895027621728
406.65881656563505
-3.359289502762157
-3.3592895027621834
-3.3592895027621705
1784.9791293785413
2361.580520441989
2361.580520441989
2336.110842036115
2328.3573973293924
2361.580520441989
2361.580520441989
12.739429519960677
-3.359289502762197
1834.7695025376936
2361.580520441989
-3.359289502762178
-3.3592895027621705
1543.6831465100304
1518.9655148177906
-3.3592895027621834
1353.6903852719763
2361.580520441989
819.8290437929705
510.99060168273473
2361.580520441989
2361.580520441989
2361.580520441989
1116.1538620345461
-3.3592895027621603
88.50880316493557
2176.748955642755
