-3.359289502762177
1889.279828842925
771.2647226626104
360.1265273672884
2361.580520441989
562.1231976513939
175.61483569869625
-3.359289502762172
-3.3592895027621674
2361.580520441989
2361.580520441989
182.6657184875495
-3.3592895027621723
2361.580520441989
-3.3592895027621816
-3.3592895027621616
1991.6728250262408
-3.359289502762184
2361.580520441989
2361.580520441989
1484.5639516950862
-3.3592895027621665
2361.580520441989
-3.359289502762169
1410.3780624344727
2151.3357091246407
2361.580520441989
2001.5819345104298
-3.359289502762157
781.1569343652016
2361.580520441989
2354.412881607673
1224.1425969329
-3.359289502762157
665.1893212915684
497.6570564360009
2361.580520441989
2361.580520441989
534.3588249568686
2156.9021718807535
