1384.814233846369
1976.007222010977
446.57881952817434
1374.5439524748126
1428.6904908024187
146.7017332089407
-3.3592895027621728
2361.580520441989
758.7540696789888
-3.359289502762186
895.5495661310509
-3.3592895027621754
978.4123012341587
-3.359289502762199
-3.3592895027621763
28.715484529594306
317.10349442193365
2361.580520441989
-3.35928950276216
1009.8881547680683
-3.359289502762164
2361.580520441989
1120.4991770386496
2361.580520441989
2361.580520441989
-3.3592895027621554
1199.1377895695503
1282.8519533567294
504.07230617483043
2361.580520441989
2361.580520441989
1730.3911339813326
2361.580520441989
1500.0515363693025
2361.580520441989
-3.3592895027621505
2361.580520441989
-3.359289502762169
1198.5268618410037
1111.3624165319602
