-3.3592895027621728
-3.359289502762172
2326.14684919391
-3.3592895027621705
12.347276285614946
2361.580520441989
626.2321000485066
2361.580520441989
1925.1885659681873
-3.359289502762177
2361.580520441989
2156.704829531751
1624.2765846044929
-3.3592895027621794
2361.580520441989
-3.3592895027621683
1311.0388095212113
2361.580520441989
101.44807144420068
195.77611510364406
2361.580520441989
2321.0571324345574
1939.6332125165745
2361.580520441989
822.6539886379335
-3.359289502762168
1276.7507165447703
2361.580520441989
-3.3592895027621776
1486.6448191377544
2361.580520441989
353.31654007627674
-3.359289502762171
1914.267407309746
1391.0049615346804
2361.580520441989
1768.334845960349
1116.933830569304
-3.3592895027621728
-3.359289502762169
