1600.573010745115
2230.9906598760626
2361.580520441989
-3.3592895027621728
2244.0697558007655
-3.359289502762157
-3.3592895027621648
2361.580520441989
-3.3592895027621754
1415.3516645079503
2361.580520441989
1190.803960900855
-3.359289502762171
973.1436385970023
1897.5369079014251
2361.580520441989
-3.359289502762185
1110.5742616856678
2064.4976952997567
428.5702236122003
1289.5302793262226
1561.4411947272756
-3.359289502762175
-3.3592895027621834
2361.580520441989
2290.593209722121
398.22110711387313
-3.3592895027621807
163.3941334852187
170.3592903675284
-3.35928950276217
2361.580520441989
2361.580520441989
14.596437328847449
2361.580520441989
1874.2480901031554
2361.580520441989
2361.580520441989
1495.3149480189281
-3.359289502762177
