1057.9802360548151
1130.7684620930725
-3.3592895027621728
1825.7939804602524
983.2070168020284
1307.7726733845523
27.72208844187153
2361.580520441989
753.9646837416346
-3.3592895027621683
1163.326789125338
-3.3592895027621705
-3.359289502762168
151.1942938660814
2361.580520441989
2361.580520441989
303.0294878389407
2361.580520441989
2361.580520441989
2361.580520441989
2361.580520441989
129.86115681205484
1662.3604034007255
1936.350284950997
2199.6156972161593
900.7417219728209
-3.359289502762155
2361.580520441989
-3.3592895027621794
2361.580520441989
915.3910682288803
32.97389570781261
85.82969640294885
-3.3592895027621688
2361.580520441989
384.52218188822377
2326.7370356573965
2361.580520441989
-3.3592895027621656
1442.608037925668
