12.911005249607392
13.20850802351181
12.976080202225278
12.954209198892753
12.89045579602387
13.297139339885835
12.98578053756439
13.124284123226465
12.882361646811091
13.195419415061227
13.2300534715316
13.184732872963234
13.012377533568454
12.864553209200036
12.825043936311763
13.02509576456071
12.982263363982568
12.842143863268824
13.351275663292855
13.06509234569085
13.123781958948296
12.927921680532394
12.960204212361713
12.920250110794836
13.250031068351857
13.261161052494307
13.29556310679502
13.213257997799024
13.132600440979814
13.00549569825676
12.954373037211358
13.262949337580853
13.244924659305012
12.868057855719922
13.195773924429087
13.259455321213572
13.056518887565256
12.894804541392714
12.9860013772125
13.154258252984556
13.349282373248744
13.265250903845434
13.049736440753406
13.168171079469781
13.146961007641465
13.095782083727734
12.973260614179976
12.901967501940579
12.89705720669561
13.06530989552475
