4163.3620911642465
3071.695834281224
1083.6784400921383
1193.4858208549308
3603.9016066946406
1617.8101230890297
64.69547905351436
540.632988323435
357.92875128298897
4159.284764880099
2570.974076963709
2077.5328747133112
2323.1145212287183
-188.1511596061094
-7.993605777301127e-13
4287.63112338477
1296.2677178390243
1811.9244877440883
-182.37129016368326
2071.4912666903906
2955.1935572665843
4164.800621899929
1371.5300865865604
655.8286106537864
2096.1396717914417
-313.7263318768847
-431.71713763596836
1703.5529151440169
295.91910357458056
2628.9071364154593
-77.32630279269905
3179.9143094019014
3912.000621899929
4596.5177595358955
3300.6542218723866
2598.5459314264917
3471.4891135848025
4491.433741515467
822.4378571283488
3796.164396469998
