2328.496441781536
2755.399895038317
4467.60117375307
3587.9468174478798
1950.3803359638644
1566.7617644422237
4343.717759535896
613.3044356688495
3533.5899898103025
273.5355401232316
133.43332151999428
3838.1177595358963
1247.7019927556287
2865.015448511413
4596.517759535896
1905.7261083144479
1706.8648371772813
3099.1448930897814
850.8562943438233
1412.0796384237724
3339.2300712525193
2409.271111497463
4321.2219634435205
3442.0256636121458
-431.71713763596836
2637.20404166606
436.45192551125206
-7.693845560652335e-13
-264.4521846716536
3905.653890054469
4164.800621899929
-141.68596016620396
1064.3173714306793
1396.6580519592014
-351.8500836598255
4090.917759535896
3195.1673468576637
2183.490217358748
748.4102570216412
94.2143171838787
