4596.517759535896
3520.8113327098954
1441.134463390621
-8.151288747072535e-13
2089.991242012102
409.3485845255021
723.2543691375611
4408.03118804875
1192.7563305392216
2965.911339192674
1072.9146744119091
3717.229600929761
95.42691358252127
816.8489735810532
4159.341315026951
-103.96603627098762
4164.800621899929
-337.64193106021366
-431.71713763596836
2256.624600805233
-216.16012462333128
1565.7316711734509
479.43826527595843
2379.129414730283
936.8821472749199
286.3055290755044
2973.6978592815003
1767.0726311870008
3910.7151174105375
-178.91713763596812
3093.2382255431867
4090.872818474403
1955.5484860684483
3587.211909561274
2652.6706619009155
2595.1186457133576
3329.266669107869
600.941298844562
4343.717759535896
1997.4744023213836
