3006.57190502962
4343.717759535895
4164.800621899929
1992.4228724467284
1522.8553256100354
1369.8061500534004
-431.71713763596836
3837.172003582114
1839.8323441232028
345.54413316912996
3075.612819289008
-7.8373105863105e-13
3857.764428630564
432.8927855774049
913.057804246687
92.16290207128884
4296.968434036303
-278.9254487660139
4090.9177595358956
2407.208089262808
3581.212819289008
529.9486529075538
2823.012477332693
2571.211685715443
3300.8240891760574
2079.3796320994197
-101.28118721464963
4596.517759535896
12.578217445483562
1129.0608690399945
2721.2664467953928
3584.372003582114
-178.91713763596834
826.6478495070145
3328.412819289008
1140.2050406498356
650.5259561072539
1603.7712865709457
4442.098555227369
2322.259802349802
