4343.717759535895
3867.8021956356065
2387.2642385349736
3484.775985836108
4478.539764108014
-137.40876567066556
2792.346937397028
919.610584766697
-103.80777750819533
347.2560861147304
1071.0959349173872
4072.7481093010065
1983.5412867213254
3366.325280400331
666.7383367684542
4596.517759535896
2507.188546251552
-8.128534639657292e-13
-431.71713763596836
1655.4871923100272
178.45663126134008
-330.5966720522267
725.5118434634903
2087.5121233794043
110.35877970893864
3026.3464648228887
3538.1463953944585
2756.8007338185
4365.622915881289
431.0176835218847
1426.9248914255518
2239.7417896781717
4164.800621899929
3823.28357064436
3819.9481093010063
4248.00805037842
1185.8625263900317
1643.9982992502796
3106.6710865440104
3272.932907313232
