73.88286236403164
-7.718825578706401e-13
3912.0006218999292
-181.41772840656188
3363.6041840183016
2383.2299282307704
4164.800621899929
4119.4806376926745
1521.3162249144748
3371.441587502548
859.7127669935463
953.2395693961571
3659.200621899929
4482.739456720484
4355.956334836035
3776.6892271871757
4596.5177595358955
2508.3904980639495
3990.1095076097517
572.6952679896774
603.9203930146577
-431.71713763596836
2026.9162249144745
330.91120772975887
2119.443440389751
1223.3547244868016
59.943067895478976
3080.824441489458
1250.475730154195
-178.91713763596834
1599.0327250303662
1774.1162249144747
2279.716224914474
3288.118999878821
1866.651187176743
1215.4903419659468
2639.6343563013497
2774.7836614860494
3025.7773181111024
255.66049108521892
