3022.2964970735366
2728.5246591235345
2458.2552196351667
973.2371766335852
4596.5177595358955
4424.328963671214
-121.74643656261449
3329.9579650314536
2489.0025185382133
3879.9029027655456
1770.5888414465594
1394.8696854541233
2151.8184280922073
-112.3015718621025
4005.3609522175466
556.1088201509288
4164.800621899929
3407.0776504681353
2800.275294621211
2195.1038894128224
1180.6755549487539
4167.098163536426
3528.120898508084
3641.1111461359083
1801.3276171405003
3108.325920051841
109.0926147312161
-7.899760631445665e-13
1283.6072358081246
567.3495783612082
2818.1454828969186
335.55932125049543
212.5722726420596
-431.71713763596836
-297.4383624326442
4532.463304933113
3760.051966807454
768.1175820227481
4285.9114834844095
1789.761091388762
