67.71747354378155
2585.8879240396477
-178.91713763596837
-431.71713763596836
1134.1144712582334
3670.094133542536
77.05181565770006
4164.800621899929
3353.0928977628696
3065.925080866107
2051.0866321507497
4110.524245224777
3858.3196462740843
1580.6201473349665
768.2077362154332
2615.754263708096
1224.5783933521097
-7.997245302405795e-13
3717.4757407415427
505.5999999999992
252.79999999999916
4296.47188370649
1884.8659827271276
586.6620175733653
4596.5177595358955
3605.89289776287
2585.0195398322485
3190.5612011920393
1240.8769523484793
-195.57517906068955
2844.120630883063
1590.2851189085302
4357.857463690234
3310.364699043602
856.2092647452279
3993.738732090351
2278.7520511638622
2179.120284596772
1889.811123598133
329.8518156577001
