4164.800621899929
3912.328452479417
4033.238534419968
-277.37472351744094
4452.2518994919255
4343.717759535895
3703.6043916406907
117.3398042590319
1344.5013992755537
4268.453074700599
450.4100527708049
354.0683280853252
3162.740375511372
3477.204394497858
4596.517759535896
1481.4014283312013
-121.92094913344292
3372.524717405242
1646.2345159986924
606.8683280853254
1882.7329502671964
2428.0953730139313
2752.2133271244234
853.7960278569669
1762.9259450285326
3792.4296800996426
-431.71713763596836
91.0177031604676
2128.7615906207666
2942.03739541799
959.190368070793
2738.049904915616
3172.295489133743
878.6221579809417
4155.637887351493
2138.1570378603546
2418.5271031887924
-3.6842388708260128
1087.7358612437636
-178.91713762351768
