2421.30875490198
4231.670425416931
2748.9300033353948
4596.517759535896
4257.075335132714
2038.8089033850601
2161.5728745945285
1504.4031601178135
3237.2967150725835
1721.9733959344785
4355.269864598845
644.3552261536897
1120.070194902974
-7.974870763760578e-13
4276.753196963672
-431.71713763596836
-366.5283443219769
683.9444663088772
3498.7211315874
539.3492566531784
2592.5934990718292
1934.8851358759403
3380.8297141391204
226.76361178476
4053.5681299229236
3530.4406174427177
224.68025771548068
2281.653151595395
1416.9384801037313
3780.35372613507
-78.94606493318956
-98.65878985879375
4482.798602369765
963.0721797502889
3125.9513072756267
1108.3215063336918
2870.776194991404
3654.4861438771995
4164.800621899929
1062.2159958749887
