4596.5177595358955
1513.0198276348701
3450.870480022294
4240.2032874219885
3967.67319746267
-189.29044058095744
329.3013419055984
0.5713148950874467
3196.31371724937
1794.8565586919372
2937.6033055281964
786.5128926466242
-256.44704471452013
-381.5846504673259
2568.3921353147134
2177.812513362207
2941.985327672383
2993.528338520486
2167.914553089883
4477.82198962089
142.16711301055673
3476.7630005627843
-319.78819286935686
1888.6641361866962
451.75531211532444
-431.71713763596836
4260.69831041056
4164.800621899929
909.0489104994883
3718.541896996669
1553.1025629567994
2340.316513557677
-76.10391027660339
1321.8247036553857
1082.4468235696181
541.6205281278953
1103.1621436265855
3848.655765230262
4358.663550552676
2440.862929556192
