3691.481800053215
3064.9798176509507
1569.4612672579467
2790.7312995614575
4540.177892776356
4362.24953510339
3383.6974054333064
2060.243985678839
4253.149209215975
2119.7325418495084
1849.3747684405103
3287.9966788918873
1110.762325350173
4165.737658134022
1724.1930177714687
1228.0437613246813
160.1976821190331
667.5617923524205
-149.38733870653738
930.5444332643152
414.7617923524206
-7.815970093361102e-13
554.8368031345719
-129.51360277560676
3717.281978650257
-431.71713763596836
2669.4104290660052
4475.293306873256
1447.2935596963086
3690.9781586820036
3264.9416304012184
277.80492325388263
-321.9958216790035
2379.567191989549
830.1373962821901
2971.3582233343236
4164.800621899929
4596.517759535896
2429.017757301811
1337.4376029816763
