73.88286236403165
2423.6813278828586
3911.8544822231092
2435.6634110842097
65.66747516967236
-7.761846720910626e-13
1345.2127055233418
2908.4612435579584
2691.039948898831
579.4828723681496
4596.5177595358955
326.6828623640317
1877.752719899062
-187.04282189763984
2153.7252434352185
3797.5439224141473
4337.966505960819
674.1478460675855
372.46180489436205
1115.2720600764596
3886.970364441099
3621.299989601085
-178.91713763596834
-431.71713763596836
3488.4623965694436
2943.918267992751
1627.2639680028187
438.8909317228436
1025.064744022392
972.2563611211189
4510.838948478732
4054.957324750287
1579.062502767857
4164.800621899929
4239.383899375527
1507.0384702280526
1902.969515773641
2928.1257630527152
3304.00806123716
3181.913683639016
