2649.067234077079
1752.8625977375625
-235.36501796269272
3912.000621899929
720.2780131735777
649.0043960690228
3585.3177595358957
181.58085574093883
2827.650834153282
1478.3658588582207
3629.1508541362527
2411.9947524670583
-15.618497779886
-354.6186394266047
2079.297128025375
4164.800621899929
2946.072730237493
317.8434654657271
1478.6780131735777
2535.275588320653
3332.5177595358955
3406.4006218999284
973.0780131735776
2088.8844061182017
1676.9081646599789
1291.894458282129
3838.117759535896
4090.917759535896
-7.882583474838611e-13
3079.7177595358953
4596.517759535896
-90.29646430786984
-431.71713763596836
1225.878013173578
3659.2006218999286
3122.0301538405365
2081.9879466105303
4343.717759535895
902.6468575732645
393.5914792181135
