4164.800621899929
1111.7029636507614
2138.137738495812
1340.4848001407252
-363.823697417856
35.82213070872215
2873.415125400195
2271.859877662358
1761.2441015315599
3884.6151254001957
4596.5177595358955
3724.921265658459
-274.4505409332205
-431.71713763596836
4137.415125400195
544.9782934522686
293.5872182923222
4405.312707832097
3315.4602063087696
3126.215125400195
2788.486779582119
1852.8549253189979
-8.056579633673969e-13
1595.2147589954168
4282.000387266989
2620.6151254001948
4529.625580139525
3631.815125400195
3041.2867795821194
998.7196886536775
1233.2865876813858
2532.8489320736257
2014.04410153156
252.79999999999922
893.5833349485303
1508.44410153156
652.9419217564268
3379.015125400195
3847.91633455875
772.2423831622132
