3332.517759535895
1554.077470632819
2747.3994507163848
-247.56334835241285
1968.0088947527713
982.0026520289831
3038.5201745964114
3079.717759535895
429.0881830158822
1340.0865198603694
125.45754864756695
3806.822120325679
708.8854703578727
-8.093525849517391e-13
3291.320174596412
4596.517759535896
827.57596416343
4343.717759535895
3838.117759535895
-367.6034118794802
4284.8164551410455
1439.4777672284758
2747.560285849027
3544.120174596412
4164.800621899929
4090.9177595358956
2754.611084868971
938.0468258763314
3585.3177595358948
544.1702321740142
-431.71713763596836
2186.8027715117364
1724.8920314860452
2070.903598793063
-20.41392786560116
-118.27948837718176
2306.1394980166624
306.7701509319995
1203.8805816576823
4461.303289068925
