66.72272410169894
3407.5108818565714
1408.7204357493233
1195.537102031332
1687.6180687189005
20.54263937087315
-431.71713763596836
2698.8180687189006
-356.4674436049203
575.6556707297419
4285.71094187152
3287.191127162694
1940.4180687189005
4596.517759535896
2951.618068718901
2316.633774608616
1771.784193318895
2193.2180687189007
4343.717759535896
983.524022393678
2446.0180687189004
1414.0624710453906
3808.3645023286463
1064.554656661197
2962.424271649093
-255.13687675297064
284.34201850034447
4164.800621899929
3204.418068718901
3532.3654669711486
760.8490349262258
2036.5723448804422
681.8651615608258
3758.300410160941
4090.9177595358956
-8.02882405805834e-13
4424.506930562366
3880.9343100348487
2589.529066562156
265.57266597000853
