2411.1533385145726
2959.9867779515616
4077.919489519165
3868.101166295682
1615.8769748253512
4124.726626769663
2245.999158021762
2852.006207502329
4596.517759535896
1864.73767712882
1280.4914682404528
3288.4543926227734
3475.30777541119
2720.624907674556
-178.91713763596837
396.3325098753736
4361.596115946741
-310.0264404802549
2840.934297493277
1489.9789276047852
18.280286378334175
886.2414748953246
-187.68517704140328
4164.800621899929
2544.1806949730526
3698.3051079723664
-80.58168399640891
1164.4931532862486
362.1120818293712
2124.6281417658456
-431.71713763596836
212.58301532311606
1817.585775484953
3782.9219347016465
634.8044819870316
683.5039691151518
1006.9767735494702
3162.522182248826
4343.717759535896
-8.179044322688164e-13
