3916.334141778311
99.75331120171393
-178.91713763596837
4164.1692436423555
1410.8467783461674
4164.800621899929
4040.63633945857
2500.9721837928832
1112.1730511271767
1866.5569446197435
2391.4941115474867
-431.71713763596836
2642.6458638425997
133.08165584028902
3665.8836070004963
1552.523209567286
2166.9065684731067
896.7154572814894
4596.5177595358955
3389.7013445158927
-149.63576595938017
1167.6013553213843
663.6628891493398
2766.01373219459
3703.0852188974304
402.13498050217737
2272.43795967724
3078.9167101183975
749.6305413007508
1946.241336449864
4343.717759535895
-7.926992395823618e-13
282.00545596676545
4399.2013086733405
422.2076741359481
1511.8197263593474
3264.4979703607664
3019.607386156683
1657.8765589163631
3788.50337076341
