617.2039619701441
2121.0203878252714
3371.416192999469
1813.5708549077226
4150.04971912561
3691.6079215287186
194.95113067748778
4246.082171842689
73.88286236403164
1069.7574215363584
1937.3557490357891
949.4921325618202
4389.1129377087345
336.0905369932312
-3.0635872388220897
-178.91713763596837
2516.903190711337
4082.035620898013
1190.7650407959138
3493.0649917607343
1407.4912378975769
2703.548692482346
2250.3332095157575
460.1159449909883
4596.517759535896
3118.5958706235665
4033.8250862165423
2774.549433478338
2439.5323982527825
123.31161895628468
3088.5692993262223
-431.71713763596836
1693.9767112921506
3093.983442360975
3765.8612762107814
1569.6384452813143
693.7585344272968
1311.4546531479266
4164.800621899929
4508.750853082758
