3229.413121709154
1704.6001303510584
517.2938151442993
1834.0526083149657
4164.800621899929
260.132940519954
103.67799099274032
3844.8966163636283
-7.911209806387112e-13
4596.517759535896
1135.3259097596895
4481.133956416578
2096.454439739718
4298.409070359314
1287.5251878434844
-178.91713763596837
3984.2105401921444
4374.076837182234
-431.71713763596836
603.5219344213571
4248.303715286792
38.08620519832317
721.1990724070263
389.5081841911989
3374.271248140554
1018.277895704525
-202.9906750997597
856.8763408531437
2638.5114791202186
3088.771268047083
3529.7588012949573
2730.3623174025224
2919.5744326949616
1410.2319991744878
3403.8060701103473
3659.6197127475652
2354.4597886711417
1986.0610024158495
1554.9544816822754
2266.47559573759
