-431.71713763596836
2149.5972459810164
903.4749040996747
3305.4988821890147
483.0614989433246
2572.8728197197825
164.47000661810523
3556.5699465024463
3824.8344610659547
-8.205588986065493e-13
2572.2249611677553
4137.784323360388
2928.354115081541
4596.517759535896
4037.8450264319467
4513.76029496477
532.0837561044425
3214.3820379341055
2015.0671566823244
-108.69506570522888
2257.677299030187
3064.04339806262
340.65213702671156
-212.2045076664574
1831.0199391901883
1232.012626490743
3802.047149460745
1219.121263211858
3641.4525776041087
626.9758348206111
1773.9663036457741
902.9626045692861
1511.264042094403
-312.57170673345297
2821.970427518749
1517.8463151541919
4268.211730070626
1202.3416877194713
4164.800621899929
-178.91713763596837
