1921.569973381158
-5.038541436463695
-5.038541436463695
-5.038541436463689
3542.0946298342546
3542.0946298342546
2198.705774790981
2885.4163747023604
3542.0946298342546
3542.0946298342546
-5.038541436463724
-5.038541436463701
-5.038541436463707
-4.819044239020319
3542.0946298342546
-5.038541436463692
3542.0946298342546
3542.0946298342546
-5.038541436463713
3542.0946298342546
-5.038541436463713
2872.5333773649972
3542.0946298342546
3542.0946298342546
1992.5476788047372
999.5331414849171
2275.7156467399723
897.7899177479246
-5.038541436463722
-5.038541436463704
3542.0946298342546
3542.0946298342546
2431.505141030756
1130.2518919293468
-5.038541436463707
-5.0385414364637064
-5.038541436463689
-5.038541436463726
-5.038541436463715
1627.6707969637114
