-5.038541436463708
2488.2361844903317
1184.99433893558
2170.088036273197
1616.8703441620357
949.7089349470345
177.28896739659245
2874.2580839119755
3542.0946298342546
1597.898670613492
-5.03854143646369
-5.038541436463704
1699.0692162800542
3542.0946298342546
20.132921474206928
3542.0946298342546
2336.8613789940396
668.0169778676477
3542.0946298342546
3542.0946298342546
-5.038541436463674
3542.0946298342546
-5.03854143646371
558.8303189916453
-5.038541436463673
-5.038541436463686
-5.038541436463708
-5.038541436463717
1598.4780171200375
2053.8280332523736
3542.0946298342546
3542.0946298342546
3542.0946298342546
1365.3219251318035
3542.0946298342546
1978.6775041173676
3542.0946298342546
1778.4990286768336
3542.0946298342546
435.530752440491
