-5.038541436463699
-5.0385414364636985
-5.038541436463701
3542.0946298342546
-5.038541436463674
3542.0946298342546
-5.0385414364636905
3048.2788740611063
2578.46659496565
-5.038541436463721
-5.038541436463701
629.1979697536536
3542.0946298342546
3542.0946298342546
-5.038541436463704
-5.038541436463719
3542.0946298342546
-5.038541436463701
3542.0946298342546
-5.038541436463699
2301.2780527050013
2117.201899779446
-5.038541436463699
1660.577114020532
3542.0946298342546
-5.038541436463703
3542.0946298342546
3542.0946298342546
-5.038541436463692
3542.0946298342546
3542.0946298342546
3542.0946298342546
3542.0946298342546
-5.03854143646371
1763.6836638900083
3542.0946298342546
-5.0385414364637064
2313.7728358566624
1361.0464872326065
3542.0946298342546
