3542.0946298342546
391.9853676492845
1272.2126086090393
1238.4874513989307
-5.038541436463708
-5.038541436463692
2927.777403890696
1767.6211252634648
2085.342587023797
1141.9418743853553
-5.038541436463708
3536.8947210031724
3542.0946298342546
768.1731756281786
3542.0946298342546
-5.038541436463726
2484.0043841620727
3542.0946298342546
2432.5871416634436
3542.0946298342546
3542.0946298342546
2699.5457319260904
1248.681285187
1886.7357386770786
1991.9719526663164
3542.0946298342546
3542.0946298342546
3542.0946298342546
3542.0946298342546
-5.0385414364637215
2906.8067316389897
-5.038541436463707
1696.5396181715105
829.5770084068702
542.5663249819834
837.7244950490837
-5.038541436463717
3541.8616785172135
3542.0946298342546
655.9009479828791
