1258.0557428987865
495.0794211756658
1789.009399027931
-5.038541436463682
3542.0946298342546
44.28258145671425
165.88138399805374
2943.2458320835035
3542.0946298342546
2650.9358675373874
570.8764117132013
1170.418118608006
3542.0946298342546
1436.3453122604155
1338.1695009924128
2703.43701331243
2637.06356921302
3165.1641942808146
1254.2437128686554
435.68359299410315
1196.424994231664
173.85446887055792
130.03622319629963
3542.0946298342546
1159.6582384214992
2024.7658177261076
3542.0946298342546
3542.0946298342546
70.9036973139571
279.01746105494766
3395.3552905704964
660.9757899008171
322.88655980523225
2274.9557296089197
3542.0946298342546
419.5106208743602
3542.0946298342546
3542.0946298342546
2239.538155909128
518.1199648240931
