1767.234306502713
2280.350447624356
-5.038541436463727
3499.745662784645
872.9660026486163
1836.8351762686577
3314.258889864698
-5.038541436463698
-5.0385414364636905
713.3516811537554
-5.038541436463715
2658.493459779347
1499.4597754962344
2071.213463899365
3542.0946298342546
2460.68911838826
1925.156676635196
2542.242942500802
3542.0946298342546
2583.9381349533505
2508.6133829809096
25.654349502007005
1537.0459838268007
3542.0946298342546
4.112506855568115
-5.0385414364637064
657.047670534892
3542.0946298342546
-5.038541436463726
522.9406898801519
3542.0946298342546
3542.0946298342546
3542.0946298342546
1657.1449239590497
-0.562212011560563
2828.078737203772
2325.30481571993
-5.038541436463687
-5.038541436463715
-5.038541436463683
