-5.038541436463701
-5.038541436463708
-5.038541436463717
2592.084282283724
2281.2105088056146
973.6191022399794
2027.177435421062
-5.038541436463701
3542.0946298342546
3542.0946298342546
248.51804205575212
3542.0946298342546
-5.038541436463701
3542.0946298342546
445.99499700916346
-5.038541436463696
2129.8659718870576
3542.0946298342546
1459.1026326517685
3542.0946298342546
3542.0946298342546
-5.038541436463699
-5.038541436463703
3542.0946298342546
787.9593886522971
3542.0946298342546
3542.0946298342546
3542.0946298342546
3542.0946298342546
1363.1383116793265
3542.0946298342546
0.538665409580813
3542.0946298342546
3542.0946298342546
-5.0385414364636905
-0.8893706504011107
3542.0946298342546
3542.0946298342546
-5.038541436463701
-5.038541436463699
