-5.038541436463699
2992.6698386147814
949.4532181397675
-5.038541436463699
-5.038541436463692
-5.038541436463703
2045.635513177738
3542.0946298342546
3287.8142965926804
857.4080408375595
1977.1352849637842
2136.8472836324336
2452.202650687744
-5.038541436463708
1075.7855846565194
3542.0946298342546
3006.481583696276
3538.352254400961
-5.038541436463704
441.00398143168826
3440.620795814596
3519.3411877250364
1423.3243849409123
3261.498895945049
1243.6674248989634
3424.4465779806887
623.5502425547515
3481.5155468765847
-5.038541436463718
3481.8291004283374
3130.552309401444
805.5752508764125
929.316292846419
816.3384734959882
-5.038541436463713
31.93979719031514
3404.451490049275
1518.3269488099293
3542.0946298342546
3542.0946298342546
