3542.0946298342546
-5.0385414364637064
-5.038541436463695
-5.03854143646371
-5.038541436463705
-5.038541436463692
3542.0946298342546
-5.0385414364636905
2525.7389695615993
658.6374935126797
1618.7397055716135
3542.0946298342546
1373.3888906428947
-5.0385414364637064
-5.038541436463704
3542.0946298342546
1931.7391588937787
-5.038541436463698
-5.038541436463713
2310.5949067344886
3542.0946298342546
3540.545813317214
2022.1605043122836
-5.03854143646369
-5.038541436463708
3542.0946298342546
3542.0946298342546
-5.038541436463676
3542.0946298342546
-5.038541436463686
-5.03854143646368
-5.0385414364636985
3542.0946298342546
-5.038541436463713
3542.0946298342546
3011.186645535761
1528.6997942957719
3542.0946298342546
3542.0946298342546
3542.0946298342546
