-5.038541436463716
1501.1479655460769
2312.611312470568
3542.0946298342546
3542.0946298342546
-5.038541436463698
3542.0946298342546
3542.0946298342546
3542.0946298342546
1914.7088442468385
3542.0946298342546
1146.2192030579697
542.9973762814662
-5.03854143646371
1434.3119638958747
-5.038541436463701
2183.1133264731116
2615.388916189495
-5.038541436463692
3542.0946298342546
483.8074711961818
-5.038541436463719
-5.038541436463716
1296.014434159148
2133.0441018269075
3542.0946298342546
3542.0946298342546
3542.0946298342546
3542.0946298342546
-5.038541436463692
-5.038541436463701
3542.0946298342546
2914.322731679209
-5.038541436463707
1033.0328880583693
3542.0946298342546
-5.038541436463715
3542.0946298342546
2760.6378225302838
-5.038541436463704
