-5.038541436463705
-5.038541436463695
3542.0946298342546
-5.038541436463704
-5.038541436463705
3128.5297542850476
3542.0946298342546
-5.038541436463689
3314.7414706550153
2603.120353711436
3542.0946298342546
-5.038541436463713
3542.0946298342546
-5.038541436463699
2911.7597546249117
3542.0946298342546
2456.1594428032395
2286.7067366112333
-5.038541436463694
-5.0385414364637
3542.0946298342546
3542.0946298342546
3532.0460043691664
3509.589135165193
-5.038541436463691
3395.5262822271143
827.1217493548975
-5.038541436463682
2422.7261664958855
-5.0385414364637064
-5.038541436463683
-5.038541436463699
3542.0946298342546
-5.038541436463705
3542.0946298342546
3022.7265776536588
2766.235660263141
3224.2810176693056
1263.7215658953917
3465.6480885601054
