-5.038541436463695
3542.0946298342546
1464.1586444104018
2029.0251738477648
3542.0946298342546
-5.038541436463713
3542.0946298342546
-5.0385414364637
1206.799815517127
-5.038541436463699
1066.5588783621984
3542.0946298342546
3542.0946298342546
-5.038541436463699
3542.0946298342546
-5.038541436463717
2478.481425485497
-5.0385414364637064
-5.038541436463694
3015.3147002490687
2556.00418760996
1714.874796019832
3542.0946298342546
3542.0946298342546
3542.0946298342546
-5.038541436463698
-5.03854143646371
1444.8514730489435
-5.038541436463696
-5.038541436463695
3542.0946298342546
960.6500107961442
1451.3955124399536
-5.038541436463699
3542.0946298342546
966.7855075254367
2673.0445939154124
3542.0946298342546
3542.0946298342546
1105.9290149027734
