3542.0946298342546
3542.0946298342546
-5.0385414364637064
3542.0946298342546
3052.743427403473
-5.038541436463692
1920.5720759594817
903.9153745570932
729.5509119608246
3542.0946298342546
1817.3142104333258
3542.0946298342546
3542.0946298342546
478.9785246986629
1214.371357698318
3542.0946298342546
3542.0946298342546
3542.0946298342546
1784.8063152863608
3542.0946298342546
2043.1366054053524
-5.03854143646371
2502.8534114430886
865.5559765792477
-5.03854143646369
297.8849208417397
2552.6878303553362
-5.038541436463699
3542.0946298342546
876.6306521882723
591.4874176068179
1047.4144607926037
1948.81942623316
-5.038541436463717
-5.038541436463677
-5.038541436463698
2222.5227948788147
3542.0946298342546
1178.3168600785468
3542.0946298342546
