-5.038541436463698
2076.317809015298
-5.038541436463712
-5.038541436463699
964.3083400744985
1123.9580821462014
-5.038541436463694
777.9131325197263
3542.0946298342546
251.08048616987034
3531.8031183561507
-5.0385414364637064
1944.945511670837
1059.907195431227
551.7279204047318
-5.038541436463698
2461.448273791752
-5.038541436463717
3542.0946298342546
1542.3866929212793
3542.0946298342546
2711.2548820064035
3529.0531974521873
19.309674517100614
1073.7659137509977
2899.7605431315033
3257.933517808371
2673.9835315448527
1892.071134328213
3531.1014701041604
1304.6308085665737
2209.792727702599
3542.0946298342546
3414.347293026348
-5.038541436463717
2858.4344182698333
1049.492800225606
3542.0946298342546
-5.038541436463708
3082.0364664323956
