3542.0946298342546
2003.626946361871
3542.0946298342546
3542.0946298342546
1474.004528729172
9.209350787481263
2914.1158888182044
170.46210081187604
3542.0946298342546
3542.0946298342546
-5.038541436463703
1828.3625193603891
-5.038541436463713
2437.7897446032825
81.10245144537248
-5.038541436463717
1239.9368213882099
3542.0946298342546
1207.935670510454
1267.3032448741587
2373.9064781931975
3542.0946298342546
3542.0946298342546
3542.0946298342546
1663.086136305631
11.368244281296601
1179.0984742742016
2681.3794783020076
2193.3199630925956
-5.038541436463709
37.46057179445975
3542.0946298342546
3542.0946298342546
321.00929410353945
1039.0009767836584
2581.4217063058527
-5.0385414364636745
1839.8667550327807
824.2080556697229
2763.8786348234175
