3542.0946298342546
907.0636622227393
3542.0946298342546
-5.038541436463695
815.0326826646552
-5.038541436463673
1005.2766277518901
3542.0946298342546
3542.0946298342546
3542.0946298342546
3542.0946298342546
-5.038541436463715
-5.0385414364636905
3542.0946298342546
-5.03854143646371
2228.859329819207
3542.0946298342546
-5.038541436463721
1095.6783865030511
3542.0946298342546
1981.4884033919973
629.6069657501926
-5.038541436463717
1194.3477830701459
3542.0946298342546
-5.038541436463678
1005.8442040648464
3542.0946298342546
-5.038541436463705
3542.0946298342546
-5.0385414364637064
3542.0946298342546
-5.038541436463705
2342.581639341317
3542.0946298342546
3542.0946298342546
3542.0946298342546
-5.0385414364636985
2527.9888454883626
2309.1540356042383
