-5.0385414364637136
3542.0946298342546
1928.7995895764698
3542.0946298342546
3542.0946298342546
-5.038541436463686
-5.038541436463698
2409.3598647679255
2281.9826541033067
1161.7324879967023
1788.5161929901606
1438.5286812546628
3542.0946298342546
2908.6274435392493
-5.0385414364636905
3542.0946298342546
3542.0946298342546
3542.0946298342546
3542.0946298342546
3542.0946298342546
-5.038541436463695
3542.0946298342546
3542.0946298342546
1690.1956993703993
-5.03854143646368
-5.038541436463699
-5.038541436463719
-5.038541436463704
-5.038541436463708
-5.038541436463701
-5.038541436463698
736.8675722489808
3542.0946298342546
3542.0946298342546
3542.0946298342546
2631.6792163317814
3542.0946298342546
-5.038541436463704
-5.038541436463685
-5.038541436463726
