3542.0946298342546
2192.288797403158
1291.7345801876222
2532.2238167887726
3542.0946298342546
-5.038541436463678
-5.038541436463692
-5.038541436463699
2077.473714680579
-5.038541436463717
1781.1049543214872
-5.038541436463699
1434.7560896609173
3529.8232125549466
3542.0946298342546
3537.7430418265167
-5.038541436463673
1957.9751397682091
-5.0385414364636745
-5.038541436463709
-5.038541436463696
3542.0946298342546
-5.038541436463677
3542.0946298342546
3542.0946298342546
3536.615748520213
-5.038541436463704
-5.03854143646368
-5.038541436463701
3542.094629834255
-5.0385414364637064
3540.155001822878
3542.094629834255
3542.0946298342546
-5.038541436463727
3542.0946298342546
3542.0946298342546
-5.0385414364637
2634.9246031590365
3533.0396934554715
