736.111849259179
202.37673484887148
-5.038541436463703
939.5908533349659
3542.0946298342546
-5.038541436463699
3393.8374339422376
3104.1225431102766
251.6037430649806
-5.038541436463699
3542.0946298342546
3542.0946298342546
1710.8966827797792
1540.874653268912
-5.0385414364636905
2532.8779268640624
2522.1890568248346
1423.107453127022
3500.4414496851014
1581.3472902839271
3542.0946298342546
3542.0946298342546
3542.0946298342546
473.3985675425253
-5.0385414364636905
2572.6424943345564
3542.0946298342546
3542.0946298342546
3265.346293651859
-5.038541436463698
630.3003639163916
2086.4170203250987
3542.0946298342546
-5.038541436463715
3542.0946298342546
1848.560567779443
408.7213752380403
858.3670859884638
2911.208836919181
554.4614784509507
