252.7999999999995
2271.150213662074
95.21504933702418
1207.2647219427474
3064.584077273387
248.75021366207415
1512.7502136620737
2523.9502136620745
1765.5502136620737
501.5502136620739
2811.7840772733866
2918.577967401056
1010.2975721883809
-287.83386361131267
2558.9840772733864
2200.7845262196597
1007.150213662074
505.59999999999957
758.3999999999997
2863.0080757980027
-77.08791452231007
3027.9176615948086
2053.384077273386
2776.750213662074
2018.3502136620737
2306.1840772733863
-4.049786337925894
754.3502136620739
2816.0424308143206
693.1618577572947
1807.48555508016
-235.71055841065055
1597.6247388260115
378.2720926454888
1259.9502136620738
-160.63230421712223
983.7661809622427
2971.1310494371673
1401.4446099604718
-4.599124303053832e-13
