252.7999999999995
2256.8562818083174
96.60055419666419
1225.0181138947091
3064.584077273387
234.45628180831747
1498.4562818083177
2509.4923995495956
1751.2562818083175
487.25628180831745
2811.7840772733866
2915.080959312482
1011.1999999999998
-287.83386361131267
2558.9840772733864
2196.77202685273
992.8562818083176
505.59999999999957
758.3999999999997
2861.040145457286
-76.6416770129148
3024.9492693765396
2053.384077273386
2776.750213662074
2004.0562818083172
2306.1840772733863
-18.343718191682502
740.0562818083177
2769.876685992296
709.1393364676451
1800.584077273386
-236.53611712917413
1598.4464767988961
373.997698084352
1245.656281808318
-160.8276272348532
1010.6813744375701
2965.5604019342495
1410.3746782458743
-4.599124303053832e-13
