25.27999999999995
224.08583721871872
9.247434375206527
121.09291035022109
306.4584077273387
21.84583721871873
148.24583721871875
249.31646238713697
173.52583721871872
47.12583721871875
281.17840728623315
291.29864038479127
101.09549564641286
-28.783386361131267
255.89840454097344
218.78803772193564
97.68583721871875
50.55999999999996
75.83999999999997
284.81760895453556
-8.066581472166753
302.9464195976434
205.33833327155597
273.40411464621775
198.80583721871875
230.6183790421695
-3.4341627812812554
72.40583721871873
276.43891210594546
72.577817287478
180.2350825580803
-23.32806186075764
159.254165647635
36.442303872846615
122.96583721871875
-16.308065432348055
100.81828940949126
297.14017727165054
139.9692973191138
-4.599124303053832e-14
