252.7999999999995
2265.500889686592
96.17381146654549
1210.3808206149413
3064.584077273387
243.10088968659215
1507.1008896865922
2518.300889686592
1759.9008896865919
495.90088968659217
2811.7840772733866
2916.5849323572784
1009.6861955873545
-287.83386361131267
2558.9840772733864
2184.4253709837762
1001.5008896865925
505.59999999999957
758.3999999999997
2866.555471030288
-77.41690766801851
3026.0217550810985
2053.384077273386
2775.9139766925255
2012.7008896865918
2306.1840772733863
-9.699110313407841
748.7008896865923
2793.9647863142673
692.657804844908
1805.8888971948775
-236.93553758185493
1598.418423721566
373.11466043711334
1254.3008896865924
-161.25763694724827
993.8747614017352
2964.4239067438
1402.1330057180676
-4.599124303053832e-13
