16.69371489197679
198.20171113196372
36.51890285612231
165.31991731094087
303.2495007687042
21.7800693781754
120.15944571760487
234.2394744688622
173.04096686967597
49.953156263801546
274.4025681446155
277.72662940211035
133.9853585036423
-28.783386361131267
249.831664855739
195.63540665946675
88.86172416298893
60.99946072638041
99.48376670640961
284.44524376807976
-8.372933588990815
300.53336032611
199.57306045841366
272.9584496130843
202.07811847506807
224.83890020560744
-3.503386361131264
74.33269303084533
251.1003312320172
94.59967907525245
174.41941770325369
-4.002956054569462
154.88562222283278
77.29843865142129
125.77981982001735
14.62446480953905
87.25990729501044
293.93586062888926
136.36930952389352
4.18065014132837
