25.27999999999995
225.4598703426775
7.09444832737816
122.05883650992476
306.4584077273387
23.105588952998737
149.5252714563499
249.9658718547647
174.8093943727029
48.39627044635853
281.0607913953842
289.1409045162243
101.01900667835864
-28.783386361131267
255.78696383392082
210.93445482263155
98.9652092703844
50.559999999999945
75.83999999999996
284.7873816077871
-6.86399519810481
303.0392414920625
206.16419155675143
275.2830854033826
200.17122581953046
230.9724805334311
-2.1744110470012674
73.68520927038442
274.70590058205056
69.567085875332
181.10350799858492
-23.44627978950168
160.5848498726233
38.38732313044868
124.24520927038441
-15.847000197282949
100.40377766117805
296.46312185310353
141.14911101105386
-4.599124303053832e-14
