252.7999999999995
2271.150213662074
92.84855720944145
1208.7371101643375
3064.584077273387
248.75021366207403
1512.7502136620742
2523.9502136620745
1765.5502136620737
501.55021366207404
2811.7840772733866
2914.481709571585
1008.9883677911643
-287.83386361131267
2558.9840772733864
2182.8962253636782
1007.1502136620741
505.59999999999957
758.3999999999997
2866.7787703986573
-77.46909275112807
3022.61581321879
2053.384077273386
2776.750213662074
2018.350213662074
2306.1840772733863
-4.049786337925979
754.3502136620743
2798.347224200848
691.3672724094976
1804.7900976924275
-237.7512413084172
1598.4756676730615
379.2346990595925
1259.950213662074
-161.7943590735748
982.0000412581962
2964.158814148331
1403.727122519747
-4.599124303053832e-13
