252.79999999999947
2257.2639037580234
93.937254383711
1212.2968524841322
3064.584077273387
234.8642409499405
1498.8642409499405
2510.0639037580236
1751.664072353982
487.6642409499405
2811.7840772733866
2915.102026274176
1009.5866612191614
-287.83386361131267
2558.9840772733864
2168.51815099831
993.2642409499406
505.5999999999997
758.0889657636728
2864.0923229543073
-77.74579671475807
3023.696541675874
2053.384077273386
2774.5525396896064
2004.4639037580234
2306.1840772733863
-17.935759050059534
740.4642409499405
2789.1125220300682
692.1859664903571
1805.5828019668795
-238.2901342950352
1598.9630974049287
371.0891594496954
1246.0642409499405
-162.09438367990856
990.8473798347524
2966.172725002033
1402.0413736527078
-4.599124303053832e-13
