252.7999999999995
2256.9904946463557
94.95352979447904
1212.6372371217553
3064.584077273387
234.59049464635518
1498.5904946463556
2509.790494646356
1751.3904946463554
487.3904946463552
2811.7840772733866
2915.9893184678094
1009.9648229918462
-287.83386361131267
2558.9840772733864
2195.809072207827
992.9904946463556
505.59999999999957
758.3999999999997
2861.777865009756
-78.07654156189052
3024.3947216573183
2053.384077273386
2775.013708937812
2004.1904946463555
2306.1840772733863
-18.209505353644822
740.1904946463553
2783.5619164775235
697.022892049008
1804.8206336416906
-236.88631714205468
1596.9174573662847
371.31836892474183
1245.7904946463555
-161.31624708350049
995.7802421125004
2965.5959329730676
1402.0808620103921
-4.599124303053832e-13
