26.178853726719595
228.47512949693711
13.145079502792283
120.69999249310546
306.4584077273387
27.000041012405593
153.0577307076711
247.27132772977106
178.33779357105533
52.28012886974611
281.59567214845765
290.3367059752322
105.1580732841743
-28.783386361131267
257.1515023580078
212.63774223449363
102.65443464509444
52.681858451238995
79.8778568479905
283.1253533445921
-6.29886266401044
301.2248873545567
206.60182285996976
271.33857123031095
203.2344901741921
231.87423705478028
3.3348535991361103
77.43613949870776
268.28808244054466
73.59512464129563
181.71145598956372
-18.157515197561015
160.34451793420448
44.62744470260516
127.92222491737273
-11.868613415799091
97.3932885563199
295.58373967518344
140.15259840121226
0.33806171830394083
