252.7999999999995
2271.150213662074
92.65764904097787
1208.2243015691652
3064.584077273387
248.75021366207403
1512.7502136620742
2523.9502136620745
1765.5502136620744
501.55021366207416
2811.7840772733866
2915.6073724954126
1009.2743999444483
-287.83386361131267
2558.9840772733864
2172.1032931995396
1007.1502136620743
505.59999999999957
758.3999999999997
2864.5115287571184
-77.36669997003429
3021.846974498801
2053.384077273386
2776.750213662074
2018.350213662074
2306.1840772733863
-4.049786337925998
754.3502136620741
2802.9902209628704
684.10305046308
1804.9654933030497
-237.92785846050555
1597.169009840961
377.1063660930205
1259.950213662074
-162.12601262222452
973.65208143296
2964.188893860769
1400.3986996494946
-4.599124303053832e-13
