26.928674280408078
229.86471013549132
12.772979515580744
124.54027564633435
306.4584077273387
28.43474949329965
154.24888117940841
250.56279861356944
179.52906757362283
53.42061317943506
281.58254227952455
290.92094287240775
104.27239337306547
-28.783386361131267
256.70667683171035
202.39270328261213
103.6944344510012
52.20443389570886
79.01708199178891
283.3269850768344
-5.698541390206989
302.65988459459385
206.14667683171027
277.67502136620743
204.81080421123053
231.42667683171027
3.17244670022015
78.41845501973633
267.3765709749466
72.70126381774236
180.86667683171024
-22.597661448957147
155.9620958031504
40.71052294472453
128.9688811794084
-12.227265708738631
100.31219268913964
296.51651472046615
140.730480703809
1.6529146651073077
