252.7999999999995
2271.150213662074
88.7245334509596
1207.4769410976753
3064.584077273387
248.75021366207415
1512.7502136620737
2523.9502136620745
1765.5502136620737
501.5502136620742
2811.7840772733866
2921.2848164614506
1010.7459445018119
-287.83386361131267
2558.9840772733864
2195.331697132835
1007.150213662074
505.59999999999957
758.3999999999997
2865.716424605037
-77.03835409798438
3027.472569558993
2053.384077273386
2776.750213662074
2018.3502136620737
2306.1840772733863
-4.049786337925894
754.3502136620742
2820.319617472047
692.2363810917308
1807.813658073253
-234.63886212169052
1598.02235786362
373.3445430853672
1259.9502136620738
-160.37287631736496
983.5484289684387
2972.434570543496
1400.568008477924
-4.599124303053832e-13
