25.27999999999994
226.7298903145245
13.382059061863053
119.98102985517437
306.4584077273387
24.489728250721193
150.8897282507212
251.11949765653014
176.16972825072116
49.7697282507212
281.1784077273387
290.6021061423534
100.88951748327752
-28.783386361131267
255.8984077273387
206.15432308219422
100.32972825072117
50.55999999999996
75.84157581074814
283.4175017509655
-7.651982566018428
302.5213318934247
205.33840772733868
277.67502136620743
201.44972825072117
230.6184077273387
-0.7902717492788143
75.04972825072119
267.2618156039188
66.87426924722048
180.93128162616537
-23.216239918182268
159.25418847168407
41.24408608939639
125.60972825072118
-13.225513799304121
95.13963335314236
296.21864225316205
139.46666140313653
-4.599124303053832e-14
