252.79999999999944
2249.9951037536966
95.49583677719926
1225.0336163526724
3064.584077273387
227.59510375369703
1491.5951037536968
2502.7486377098057
1744.3951037536967
480.3951037536973
2811.7840772733866
2913.281087049757
1011.1999999999995
-287.83386361131267
2558.9840772733864
2156.0254040642662
985.9951037536973
505.5999999999997
758.3999999999994
2857.199248704985
-74.89233093473206
3020.312762527217
2053.384077273386
2776.750213662074
1997.195103753697
2306.1840772733863
-25.204896246302937
733.1951037536974
2746.6298112066215
712.5063605512083
1800.584077273386
-235.97532904289983
1606.7949604657008
373.2641111301027
1238.7951037536975
-159.18955960121642
1014.6066709095853
2963.0055043851626
1413.2647694962398
-4.599124303053832e-13
