252.7999999999995
2251.8938798589584
94.23748311945783
1213.2665775360024
3064.584077273387
229.49387985895805
1493.4938798589583
2504.6938798589586
1746.2938798589582
482.2938798589581
2811.7840772733866
2915.2111968775953
1010.331004703658
-287.83386361131267
2558.9840772733864
2200.0320525752054
987.8938798589579
505.59999999999957
758.3999999999996
2861.3370730045335
-78.09358689071337
3024.0016970414736
2053.384077273386
2773.692793920569
1999.0938798589582
2306.1840772733863
-23.30612014104199
735.093879858958
2776.7802599273523
699.637130100151
1804.757258245975
-236.88775798847416
1597.6425553266652
368.10285659265674
1240.693879858958
-161.36640230345654
997.8778954740674
2966.7918176052835
1402.270780338973
-4.599124303053832e-13
