252.7999999999995
2253.509513544619
95.8956802468321
1213.212596895968
3064.584077273387
231.10950777078904
1495.1095077707894
2506.3541262787758
1747.909510657704
483.9095077707891
2811.7840772733866
2914.0208016720903
1010.1546601896047
-287.83386361131267
2558.9840772733864
2209.7577143023614
989.5095077707891
505.59999999999957
758.3999999999997
2857.6583331996703
-78.79144887187887
3024.739137736573
2053.384077273386
2767.409599209652
2000.7095135446189
2306.1840772733863
-21.69049222921094
736.7095077707892
2767.18362872326
703.8623065035067
1804.9140529141328
-236.21843630387647
1597.4076089542832
371.6359547380789
1242.3095077707892
-161.97109715109968
1001.775740660185
2966.663329790501
1401.3565970678833
-4.599124303053832e-13
