-3.359289502762172
2361.580520441989
1489.0322499142271
510.9340809040401
-3.3592895027621577
2361.580520441989
2361.580520441989
2361.580520441989
2361.580520441989
2361.580520441989
-3.3592895027621728
1229.9322366962601
30.301966910591975
2361.580520441989
-3.3592895027621683
1460.5532956860295
2361.580520441989
-3.359289502762177
-3.359289502762155
1621.8756254483637
633.152826162851
341.46608014525964
-3.3592895027621723
2361.580520441989
2361.580520441989
-3.359289502762163
2361.580520441989
2361.580520441989
2007.7930727619032
878.7766970008489
42.65010257647517
1950.0848549059574
188.7417528651423
1048.8219988902692
2361.580520441989
1325.9975693354195
686.094559822383
821.7684411569564
349.9444048904455
-3.359289502762171
