-3.359289502762172
2361.580520441989
1489.0645143931347
515.0239281969417
-3.3592895027621577
2361.580520441989
2361.580520441989
2361.580520441989
2361.580520441989
2361.580520441989
-3.3592895027621728
1217.5452150589322
21.605092084377432
2361.580520441989
-3.3592895027621683
1436.6086824590357
2361.580520441989
-3.359289502762177
-3.359289502762155
1662.964745719321
638.1438298517555
326.84997024165637
-3.3592895027621723
2361.580520441989
2361.580520441989
-3.359289502762163
2361.580520441989
2361.580520441989
2007.5091937570505
875.9071877966859
42.730639632901216
1942.9783471172268
186.55599853442442
1048.9053664867777
2361.580520441989
1322.0692404558633
676.0020694731916
809.9605896498392
347.6352994362881
-3.359289502762171
