-0.33592895027621733
236.15721614399618
144.0634917495979
106.35982358082623
-0.33592895027621594
236.1580520441989
121.13901650059061
224.13101415593147
233.704143969466
224.38438220735526
9.409658361851328
129.67854571849267
4.860198035985475
236.1580520441989
3.4640892534408043
73.45895058651514
234.09572017522044
4.09861536675056
1.113899057101901
180.53162824720937
81.24951451698384
29.228907259663703
0.5101672480673495
235.34696718224504
133.03402248338597
-0.33592895027621716
236.15805204419888
186.73208718856003
205.2951147513304
110.54348216932448
3.034907609293469
171.9831262176495
19.082050831244906
130.16508805846811
229.50208772377638
92.74782465678945
31.20875689781877
102.55352882048525
42.55098759833207
21.630162052146677
