-3.359289502762172
2361.580520441989
1488.2180420730015
518.9355293254548
-3.3592895027621577
2361.580520441989
2361.580520441989
2361.580520441989
2361.580520441989
2361.580520441989
-3.3592895027621728
1189.7788533462806
26.881937212709524
2361.580520441989
-3.3592895027621683
1416.5661791183065
2361.580520441989
-3.359289502762177
-3.359289502762155
1575.8044687673962
634.290510818439
303.3389059652848
-3.3592895027621723
2361.580520441989
2361.580520441989
-3.359289502762163
2361.580520441989
2361.580520441989
1998.3281486260805
876.5977936441195
55.08985906004254
1949.4164054353566
196.8204592304664
1048.3083556760655
2361.580520441989
1321.5262689783267
681.9418371925684
768.6415680710162
355.08128903928394
-3.359289502762171
