-0.25783306919590965
234.71700118819538
128.08148244743518
49.97168381077551
-0.3359289502762164
236.15805204419888
231.90341004130562
217.8114953438486
231.75488768257824
236.1580520441989
6.123723332552429
124.99664502858364
-0.33592895027621683
236.15805204419888
-0.33592895027621716
144.96980745702726
235.42262653424856
-0.2634684375436519
-0.33592895027621783
170.93672414741332
51.41764474183391
24.396534276231748
0.6589413964984906
236.1580520441989
236.15805204419888
0.036086050507472045
227.26579429687635
233.65553198614018
191.40482975394386
93.03049747754575
5.089219927186304
183.22942348176545
18.605456158473004
103.32288540581513
234.6194457806138
124.41530458637027
70.38258264957717
84.08826365355365
33.818429133654305
-0.3359289502762176
