-3.359289502762172
2361.580520441989
1485.8226693198333
519.3648749681786
-3.3592895027621577
2361.580520441989
2361.580520441989
2361.580520441989
2361.580520441989
2361.580520441989
-3.3592895027621728
1209.9954314388729
26.199947039627972
2361.580520441989
-3.3592895027621683
1436.7716852779754
2361.580520441989
-3.359289502762177
-3.359289502762155
1593.3189581456631
633.2966771948333
304.52453897262876
-3.3592895027621723
2361.580520441989
2361.580520441989
-3.359289502762163
2361.580520441989
2361.580520441989
2001.1471596841434
880.0822891194742
55.734181019699214
1945.252046629586
196.62600417239707
1050.0648998447728
2361.580520441989
1321.676771211391
684.3304028354289
776.0319755915405
355.6763030917119
-3.359289502762171
