-3.359289502762172
2361.580520441989
1488.3633638269555
489.31763703355733
-3.3592895027621577
2361.580520441989
2361.580520441989
2352.1919414033537
2361.580520441989
2361.580520441989
-3.3592895027621728
1225.0085993223777
-3.359289502762155
2361.580520441989
-3.3592895027621683
1388.7045704237983
2361.580520441989
-3.359289502762177
-3.359289502762155
1657.9029159785116
626.3545002323144
322.293619709283
-3.3592895027621723
2361.580520441989
2361.580520441989
-3.359289502762163
2361.580520441989
2361.580520441989
1992.4186393670573
863.6836413861114
-3.359289502762172
1940.1009860537545
148.47206908822594
1041.4830391274259
2361.580520441989
1318.054575476917
658.5924260784841
810.2525246123753
317.4135113701825
-3.359289502762171
