-3.359289502762172
2361.580520441989
1490.0063757451435
517.908723173325
-3.3592895027621577
2361.580520441989
2361.580520441989
2361.580520441989
2360.9824560487464
2361.580520441989
-3.3592895027621728
1224.8355060811573
35.16462487189111
2361.580520441989
-3.3592895027621683
1463.73619870114
2361.580520441989
-3.359289502762177
9.309395662026418
1638.442991631658
635.4263189720288
332.5864517379971
-3.3592895027621723
2361.580520441989
2361.580520441989
-3.359289502762163
2361.580520441989
2361.580520441989
2005.311834903623
883.340349270529
46.67410213269306
1954.5125808912285
192.33298652248277
1050.3827129577467
2361.580520441989
1328.4626723868105
684.6841933799333
805.2214723887777
350.8565463298291
-3.359289502762171
