-3.359289502762172
2361.580520441989
1490.9262241604993
515.6642484155177
-3.3592895027621577
2361.580520441989
2361.580520441989
2361.580520441989
2361.580520441989
2361.580520441989
-3.3592895027621728
1223.9385236939438
17.585028333911975
2361.580520441989
-3.3592895027621683
1440.7498769682998
2361.580520441989
-3.359289502762177
-3.359289502762155
1666.5864410541826
638.2838800049968
330.0791926432089
-3.3592895027621723
2361.580520441989
2361.580520441989
-3.359289502762163
2361.580520441989
2361.580520441989
2012.6327845555766
871.9339634070387
42.38915864606891
1942.9901855959063
187.34379196953697
1047.7545175804014
2361.580520441989
1322.4813326081294
673.9809895710378
800.134799385475
347.77506596825305
-3.359289502762171
