-0.33592895027621716
236.153535339188
142.51424600372573
50.58406482547807
-0.3359289502762158
236.15805204419888
236.05767752074638
229.93434456567616
235.9408395996764
236.15805204419888
0.33993236497885554
122.75562702934523
1.9981672948536973
236.15805204419888
-0.3033921116600119
146.6942302565489
236.15805204419888
-0.3359289502762177
-0.3359289502762155
168.59270816321268
61.972638769746126
27.757090561642645
-0.3359289502762173
235.74643995801068
236.14661056349848
5.080891497724004
236.15805204419888
236.15805204419888
198.8724998202086
87.89383151501481
3.028228229621618
192.30658980551982
17.82403045379928
105.32967233746706
236.15805204419888
129.8683533553161
67.55096693538134
81.5574036862201
33.99254821049095
-0.3359289502762171
