-0.33592895027621716
236.11193751174903
146.66867764617248
43.76961814773466
-0.3359289502762158
236.15805204419888
236.1580520441989
220.22728103965528
236.15805204419888
236.15805204419888
0.11270362738923922
119.28140707493064
2.4434729397593475
236.15805204419888
-0.33592895027621683
136.59237545688265
236.15805204419888
-0.3359289502762177
-0.3359289502762155
148.66484183282188
54.34623211573593
25.540025344336936
3.4393974619058145
236.15805204419888
236.15805204419888
-0.3359289502762163
236.1580520441989
236.15805204419888
203.2213283666111
88.78099511491924
-0.3359289502762197
193.86858525836539
9.909604335767593
106.88202784102292
236.15805204419888
130.2159705966543
63.41449722955706
72.90786772346235
27.047362203853623
-0.3359289502762171
