-3.359289502762172
2361.580520441989
1488.7215854381964
518.184277277478
-3.3592895027621577
2361.580520441989
2361.580520441989
2361.580520441989
2361.580520441989
2361.580520441989
-3.3592895027621728
1221.2312191998221
30.573438857248266
2361.580520441989
-3.3592895027621683
1465.2873139191624
2361.580520441989
-3.359289502762177
-3.359289502762155
1613.2914491264946
632.6900622132953
329.70213526841474
-3.3592895027621723
2361.580520441989
2361.580520441989
-3.359289502762163
2361.580520441989
2361.580520441989
2008.476395342798
887.5378925091545
48.2676137818595
1952.2572937586679
193.36750145542146
1056.7648689105843
2361.580520441989
1330.3360568149901
687.2269398695105
800.1746135382956
353.1750527697495
-3.359289502762171
