-3.359289502762172
2361.580520441989
1484.3910052742624
516.69176067218
-3.3592895027621577
2361.580520441989
2361.580520441989
2361.580520441989
2361.580520441989
2361.580520441989
-3.3592895027621728
1212.6514510629665
24.272568973692138
2361.580520441989
-3.3592895027621683
1459.5197646646961
2361.580520441989
-3.359289502762177
-3.359289502762155
1623.7103281451418
632.7240559723581
313.4817165284506
-3.3592895027621723
2361.580520441989
2361.580520441989
-3.359289502762163
2361.580520441989
2361.580520441989
2000.1022208521413
880.1255247080541
48.1655387491056
1943.3827588014055
192.62832902251617
1049.274841080131
2361.580520441989
1321.587679868273
680.4620589387828
819.5903512530111
351.9389989625035
-3.359289502762171
