-3.359289502762172
2361.580520441989
1500.3001080395989
516.5755867112844
-3.3592895027621577
2361.580520441989
2361.580520441989
2361.580520441989
2361.170387543739
2361.580520441989
-3.3592895027621728
1233.7192109825978
19.925225507623686
2361.580520441989
-3.3592895027621683
1417.0766125595978
2361.580520441989
-3.359289502762177
-3.359289502762155
1667.850707763064
644.0177487041082
324.0201319217497
-3.3592895027621723
2359.286408919735
2361.580520441989
-3.359289502762163
2361.580520441989
2361.580520441989
2002.8053598401257
865.544590350532
43.43522492632821
1937.490813570306
187.93232548735006
1046.398929195704
2361.580520441989
1327.449708810003
671.0794470762517
801.1904984768137
347.58306343517563
-3.359289502762171
