-3.359289502762172
2361.580520441989
1480.9872488429949
517.6228525117382
-3.3592895027621577
2361.580520441989
2361.580520441989
2361.580520441989
2361.580520441989
2361.580520441989
-3.3592895027621728
1196.2760049687988
18.12554702540822
2361.580520441989
-3.3592895027621683
1438.9120639416697
2361.580520441989
-3.359289502762177
-3.359289502762155
1584.1049071881657
630.0209376605542
297.9043110975811
-3.3592895027621723
2361.580520441989
2361.580520441989
-3.359289502762163
2361.580520441989
2361.580520441989
2003.0333872837289
877.0791948659457
55.308379177870705
1933.3179180214252
196.2708051686491
1047.839190567318
2361.580520441989
1316.449735884261
679.9534964487447
764.4822115521692
355.74498127145495
-3.359289502762171
