0.12912214358280683
232.35097417913582
143.74661130599506
43.59994513852437
-0.3359289502762171
236.15805204419888
236.15805204419888
217.83628475679583
236.15805204419888
232.31265894331383
4.1665941943672005
127.3251068987368
0.8082136820484835
236.15805204419888
-0.33592895027621716
143.4865545686418
235.62196650527272
-0.3359289502762174
-0.33592895027621694
179.15018325254744
51.183915328363135
24.65707820852722
-0.3359289502762171
236.15805204419888
235.7543542172609
-0.33592895027621733
235.15179972668375
236.0794482189418
198.76306524694132
93.8607117681886
-0.33592895027621694
185.33405616467914
4.005696768013038
123.95666516739911
236.15805204419888
139.9955706766599
74.83324476469315
81.35000703783462
24.182113556560743
-0.3359289502762171
