-0.33592895027621716
231.70426092694095
132.0696590464692
53.51174272328451
-0.33592895027621705
236.15805204419888
236.15805204419888
220.86894376750465
236.15805204419888
236.15805204419888
-0.33592895027621716
130.72287864190912
0.9731344786302255
236.15805204419888
-0.33592895027621683
145.55873620548437
236.15805204419888
-0.3359289502762178
-0.3359289502762155
179.49893182136773
61.73584146060125
29.684738562177493
1.843063845771354
236.15805204419888
236.15805204419888
-0.33592895027621605
236.15805204419888
236.15805204419888
202.83215291462574
89.96917355898809
7.909744084843424
190.62089125345491
21.040647597181444
105.94397737568914
236.15805204419888
127.35215676288591
71.30021788904489
82.16737741072775
37.53496956977948
-0.3359289502762171
