-3.359289502762172
2361.580520441989
1476.1495532258427
490.4243256197023
-3.3592895027621577
2361.580520441989
2361.580520441989
2355.102320124644
2361.580520441989
2361.580520441989
-3.359289502762172
1239.7969550548482
-3.359289502762177
2361.580520441989
-3.3592895027621683
1453.0537565035133
2361.580520441989
-3.359289502762177
-3.359289502762155
1700.5841968768775
611.9812846218964
360.38871904704797
-3.3592895027621736
2361.580520441989
2361.580520441989
-3.359289502762163
2361.580520441989
2361.580520441989
1942.2026566624456
842.5860188130625
-3.359289502762164
1935.4933625672975
158.98755834671778
1021.4733912080657
2361.580520441989
1304.5956609851833
644.7971047966382
831.2444219810835
321.6352868243325
-3.359289502762171
