-0.33592895027621716
236.15805204419888
138.94419347142738
51.104371675916674
-0.3359289502762158
236.15805204419888
236.1580520441989
229.48434619741226
236.1580520441989
236.1580520441989
-0.33592895027621716
129.05337053307727
3.1463980312389204
236.15805204419888
-0.33592895027621683
130.11199331676036
236.15805204419888
-0.3359289502762177
-0.33592895027621966
178.25452747916293
62.535332854475655
32.012409975431645
-0.3359289502762186
236.15805204419888
236.15805204419888
-0.3359289502762163
236.1580520441989
236.15805204419888
197.70760960325424
89.04208325985448
6.25747963385142
190.4165048699526
19.26475612004267
102.6169896719695
236.15805204419888
127.5780928195648
70.00802522975526
83.79742739128191
34.998227951813696
-0.3359289502762171
