11.1680558011334
11.045460382319654
11.099182500645947
10.96564890631484
11.072056052921614
11.01920482902245
11.079135586263867
11.029938738407624
11.09517127469667
11.080898398737414
11.187836643030261
11.054728285355806
11.07528058636616
11.10500127707413
10.974009030543371
11.092508457460251
11.043988166637263
11.052492730954553
11.015199951847322
10.93272842113229
11.054940912181333
11.035352970937621
11.018509389622759
11.095216593368589
10.991773404167365
11.123275590236
11.029398501408703
11.103421948765977
11.03338475344588
11.035969755498893
11.069433625943034
11.05220991831405
11.02326720709218
11.069951800075266
10.987343527937544
11.165831434294724
11.008982213064304
11.008149186491465
11.05412631953728
11.100769591669145
11.079069272058423
10.926135175616487
11.06804273044026
11.108120803854968
11.069372477738714
10.985904793372175
11.073200751529262
11.15075428754498
11.056276505247805
11.063912675219632
11.13879408515403
11.053599438945483
11.11873743153531
11.086769167011182
