3485.8537593184255
760.6752380674795
3828.2741581315477
233.70259527365698
2467.233510507645
3405.154942847301
810.3931646318023
2499.8090916115675
1562.523226106233
1315.2353328667539
177.64433042946882
3891.364417085524
2969.4617304715894
13.922013889442805
4141.281981474186
3957.3626282948835
4184.830411880004
397.9830884215426
2316.848659677275
2388.3523907775807
346.1498972416934
124.40040984976575
357.3044590059183
3536.3037648219706
295.3939983048884
1629.4731744835246
4222.709296716016
4057.314171363463
1500.312695229205
1813.5657586035563
3128.017071772828
3468.614558803053
1661.5020992966788
2943.1243276439723
856.6420752825666
4006.7160685850426
68.79358127016596
1049.100261845978
2776.715419290572
4099.415538177715
