284.0677148670957
4080.3300586946307
3538.6639368167193
1258.6024774953326
1168.7422561780695
705.8423507916592
3198.3852591735144
3087.4670677640515
2950.4806313492154
3012.170811376938
1527.3957901526967
4034.8875067841946
3501.4515421151573
4158.682211227328
397.9830884215426
2552.082521028017
3348.4037177011724
800.6533500401791
2055.5021085182957
91.91993299929993
2001.5912715826116
4120.158814584266
1557.6363887824382
3244.0926020679117
1089.5073827078922
880.6414378948161
3828.2741581315477
3901.0361856286318
1367.3518842813928
2853.4580076529123
1847.2667732812229
13.922013889442795
335.6310235499069
2786.2344275910477
4192.097372125578
156.57787665706135
3982.3375674856634
696.540694925012
2111.8574402159234
4222.709296716016
