3888.1787684030132
4140.538280123032
3496.176164514393
517.4437655842264
3651.149097652594
1822.0393062554526
920.8164706453512
2337.5119402636715
1495.8022342819775
2696.250263427433
13.922013889442795
2018.1445810515775
1148.3988614213374
344.9533809498512
397.9830884215426
2988.9676263356614
235.8025982919617
931.3209269157749
4084.2475890986907
2774.2891106777574
2625.0028630737233
904.2142273955419
1490.4423870819787
107.16016571756356
4016.6028294969515
3286.8879037120105
3939.3042297120464
153.45301845504756
285.20299598809254
2180.115526189827
4222.709296716016
1502.559806236779
1494.006253375343
43.44883318853854
2592.780870039032
3046.9291364268242
73.3735837676712
3828.2741581315477
2779.4342162523017
4186.937837503652
