4054.936488623164
3257.719923605662
313.0521609445451
2542.4784864169906
126.22578745429419
2162.2600079436384
795.6413468229212
3903.4414640034133
3129.3776115667724
188.12788532447183
1279.6470796624324
1049.3608490054444
4222.709296716016
3965.052185552552
4015.262002422366
419.95374261823207
4096.0671515851745
4188.295154361805
365.2256548469693
2468.729236926347
960.353120854662
2205.9287072362176
13.922013889442768
246.23872720660674
2904.2190281532617
2715.6955249093335
1778.4001176560987
63.94396478351638
1287.4584206841814
3566.6565023837525
1395.411574124625
2154.885486332441
4148.239181012071
1522.2324402324627
397.9830884215426
2159.432629840566
471.0572866852092
1166.6024087113833
3828.2741581315477
3199.4393896521656
