3896.9084770995646
2997.795966757228
3267.1042982346394
1142.326022885315
3494.0255679757684
170.10745912401808
4006.2657129652616
60.23909185969369
2254.872730511608
291.87797181560103
206.74404245641685
13.922013889442798
3969.756954196027
2535.893255009494
1985.2744641306658
2758.4593255108125
1663.1134211864037
242.74760107982667
3858.690488367954
346.5677306776103
98.48655848177515
4192.132650435044
4120.9979685641465
4084.9032626467465
2207.8694402398432
4158.549488281453
969.2730624873844
2026.9100390142623
1466.5359229736148
4219.401759451563
135.00927730772509
2821.760541797971
347.97568828294635
2096.9450687966423
3828.2741581315477
1194.0209706116455
863.280674808707
397.98308842154256
4044.2818507158527
3931.1833013671417
