2706.574037114884
2907.4731012374627
134.94388897440993
3828.2741581315477
3469.0542816397874
1616.3477478907078
102.50247178673018
799.166005781978
3022.8012664210246
3153.9584175892915
1329.4378954130025
2370.521071598841
201.3788596191747
162.49909879186612
2517.0380730097254
43.44883318853856
3258.8128799230212
3527.556998478028
1286.2588587611826
2284.9820995472705
695.9028197583907
4222.709296716016
1444.0319795731407
321.7631427290917
4138.680634184138
13.922013889442795
260.0395482135392
397.9830884215426
1990.5177381089147
72.97565248763433
1860.531453600104
3905.8282732731464
3998.71011214309
1804.3368064372753
4084.366455763573
649.3907906906541
4181.027977891812
2626.6872113264985
1276.708598053701
3264.565118333523
