194.60423799899073
2316.6572518994353
1421.618504527587
2683.0211185778817
1356.6585188445188
3505.426507752755
3524.49914478163
964.9406926925003
3509.64527477883
4019.182272255811
4075.5607059721183
2865.157319385626
13.922013889442809
1448.1467913182196
1035.8295141905735
3959.561408365763
1269.2422637132377
1908.851339739239
3558.9798836724176
662.0551887753903
4112.8790379726815
1591.4382214690593
918.8044516707087
396.9021592421867
3095.199591623875
3899.8690266234817
1934.8840703129838
2391.3665930601887
2420.397199778314
4153.1742983495205
78.29175366441248
4222.709296716016
43.448833188538586
3072.74501457879
4191.003834219493
120.86467020237889
2435.0276202890027
3828.2741581315477
286.984685598385
667.3854313785688
