4085.997540620372
124.21048034164204
2532.23046789651
2668.853986265761
921.0088896830948
2822.3932532842655
397.9830884215426
2535.817592303097
1698.6042411543963
3991.396876426389
3493.7097500301666
1684.2782830216217
2604.1521549348795
3828.2741581315477
332.5674484098424
1709.9269941337002
43.920408818842446
3034.2944618236647
13.922013889442773
3891.9174184206513
4047.0085153027
458.02058155114537
4084.529891670437
2546.020702994855
806.6998523286953
3939.8129039740834
1674.9323644170258
2988.789489712015
4222.709296716016
3293.8903561312213
3949.8509258506992
1697.74670658487
3861.681729330626
657.7522100313762
795.7315631267215
1641.1991043896119
1380.4781523276802
1090.2059239213763
288.1752453377931
176.11907208249994
