43.44883318853854
287.15471538716224
3883.8293377967034
1367.9184984719643
3480.2934953876484
3049.8826001620564
2515.2331340463747
86.07983233140841
332.6080698391213
1227.217732563652
789.76855752284
1772.1324519953828
240.66256908308998
3090.0298705495084
1801.2942434440001
1246.8126089277782
4055.2975699172393
3117.685301084449
3988.3076577027527
132.3185985575918
2907.5073090975884
3059.94146321616
4222.709296716016
1932.2463662819462
397.9830884215426
3107.248849782399
4106.575729172163
13.922013889442757
2702.4487325168575
186.12384378687025
3828.2741581315477
3934.297126592638
2293.3338087661914
1201.3855994194673
2425.2127192087096
3316.22327314471
1270.58006703333
3077.8695761638446
4189.11174010209
4149.875908482125
