2431.122921808944
3519.7629647201893
4157.657516911699
2909.6392837049016
215.7462584827492
4116.445778562005
3828.2741581315477
301.18869480916817
397.9830884215426
3184.9723930957293
1512.3118418797492
1704.7324484295918
713.5389902628048
1700.378256837006
4059.9332821891
2916.4207708566246
2791.2097646811235
3587.2825949475578
1930.1710810855348
2205.9007982353532
776.546966149031
2185.059940832222
90.02854595010925
703.1455835402462
3574.7025661020275
3451.2293645626787
4192.292966479609
1144.5599679403224
2119.917186281856
2976.5369999142004
13.922013889442786
3617.6937507037796
1128.8313487731718
4222.709296716016
1789.9286068434644
727.1263266717323
325.5803606279702
705.3143557279269
2291.1668218256077
3932.499708807998
