650.7817290387869
4025.7165016407525
2685.8294511811628
4192.078151381474
695.8714596220614
3975.5522318432368
913.5991264343911
1290.9937225380688
3883.3263250292425
1261.7828412219565
3828.2741581315477
2308.9673724022277
3166.748755775403
3119.5768928233542
954.5389553764397
2660.988858853335
4112.215602038555
3927.009848351501
280.69333341603897
2514.3342579080077
1800.6904430186612
630.2864491771799
43.448833188538565
4154.077671864903
2046.0050578086225
2309.178799999126
397.98308842154256
1616.409746682823
195.10986131202029
13.92201388944278
2088.4754079350787
1326.6980009011852
2351.6508161193005
1493.1115291772971
3546.9224328496302
3177.5201202090193
4222.709296716016
3159.6083733333758
117.21891864284602
4072.4135876646815
