2358.497151044031
1688.1945690310035
671.8251375138343
1361.061396691846
1486.1876435616764
3867.313615315803
2586.060003924854
1010.5431242021263
397.9830884215426
178.8398349018169
1438.0720475847002
75.5823233631767
681.1408575504315
4050.4906079423768
3828.2741581315477
125.5495568263348
2384.3643194661054
3920.7815051335256
3353.4148247186927
4192.292966479609
4222.709296716016
13.922013889442761
3433.6483910073557
1188.0104397054176
43.44883318853854
4012.8471684657297
3272.038127112576
3268.574034192748
2606.059119874112
240.4565998053994
4159.992291004815
2712.433253688977
4089.903228359656
1833.5350457923446
2041.4424123003805
4126.806131094589
3971.2574506884166
2767.5905815198585
322.7242895675347
935.6911699397256
