1306.0722098447704
4096.239463117433
2032.3884215624212
1630.4840362819666
972.1950523606752
43.44883318853854
13.922013889442809
3858.690488367954
1090.9917119220147
2384.312974361922
4188.646342793587
2832.7374302155517
220.51528619225326
2222.9743336848687
1173.2764057186855
178.60015540812714
1504.92572450259
89.70971673851835
2638.1173200896646
3906.819951429282
3828.2741581315477
3950.7528493940017
4143.997192300809
281.465842904137
3294.6710250138203
4222.709296716016
665.040279852634
1654.305907318778
2108.383215693065
397.9830883544182
2281.9943561795317
3995.7991381272623
666.848057189289
672.1683117444842
135.97135127667204
3363.932104593039
3257.734967216424
4049.1303162937947
3306.9081544023743
2754.2921468761915
