292.1210191833459
4092.887561431073
209.6542394937436
630.5900470037157
3386.895872813863
1996.723238446493
3486.855887068114
2947.009662400414
803.0707353334074
3901.173580310256
3972.4003998048547
4183.774493351237
1690.0023756857909
3609.5819783540073
700.1589211172195
3937.6557733318796
2838.4126249026867
2485.5783004080745
1233.378284477495
1201.1845270248969
3858.690488367954
2168.289349440327
1929.5021790583028
1206.3915090183675
132.43944022581945
3828.2741581315477
4135.518762832195
2306.828566016289
13.922013889442773
1713.7473604378736
573.1592681448712
4222.709296716016
57.95414987117225
3342.8157805963056
1516.8815374240767
397.9830884215426
740.0210507219641
4044.730967166877
2270.3295205469426
4006.494033545049
