1113.8702055330625
489.2262369265957
2470.3051976480956
1551.0990209801173
523.4219442868441
1834.0623097567948
2403.9955564642773
577.3676438487021
2386.3582477761242
3971.510614836835
4222.709296716016
3888.4782392160805
70.79406701743987
451.273228939257
2529.491323607178
2509.778916559102
718.3368502229654
296.2596047103889
4151.691240556499
4061.5101396333143
580.5100948821395
3269.822474681382
3477.8397507290783
397.98308842154256
145.30540687919122
871.8515773502852
1998.038441254118
3828.2741581315477
4014.951407064549
4188.621874216522
1574.7519998264
859.3242892949344
2422.0855733539306
13.922013889442795
3389.0283691062104
3926.4103705393118
4107.582553283685
2987.3810020857973
1535.875345612535
3343.5397703162052
