4192.292966479609
2208.0939813856726
924.5948089943304
1756.683110710189
113.88183526309155
504.309930484581
2367.7198762279418
3474.05686823042
2534.1820679367033
3231.564546092875
1091.6697833595715
1569.777430066629
4222.709296716016
13.922013889442804
3613.924093285646
3539.9962947791446
3323.6676515817053
2193.8085077958967
4042.836387286011
4153.108246085865
3931.0866283801533
1515.4845466016297
229.35806155333609
2902.2175770834974
397.9830884215426
3873.535983223392
2273.6728611377703
541.8272709384436
71.42500732277486
4107.5017340477125
1205.94169169617
1259.6705046204925
3828.2741581315477
2765.6143974827824
3359.8873391011834
1847.290469127721
1653.3248848661642
2860.021703955729
653.7067979797489
3977.830479352579
