116.82633427780196
43.448833188538586
206.5236288878777
371.5511857149746
2098.2690039288295
1277.4625468072343
3002.1527761218813
3992.3652617608063
1973.916319540331
4175.842837137722
3828.2741581315477
2220.215111676489
4222.709296716016
397.9830884215426
741.2097973871487
1897.095549362869
2975.3206322456344
4044.204063444089
2480.2342166158173
3765.8837082206073
3889.5119228258127
3491.902577721481
775.5041431065722
249.8876678966862
81.4134840074791
333.4124192369204
161.10920390451412
4130.988838032603
1306.8781281375984
293.82229038352386
13.922013889442757
1337.8232098107055
1310.5320384087659
2973.88825107988
2597.789585391418
1302.489182809452
4089.1166033613677
3943.8249408493407
3341.804623770383
1295.6512821609845
