2214.714441977161
342.8005880093585
1648.8549266465116
397.9830884215426
637.9153777464954
2015.6199898259038
4186.823551078816
2617.7283382775304
834.5701014996571
4085.266092890002
43.4488331885386
129.83069749633466
1192.7788608968012
3365.3723746722335
73.62158941564357
2302.865278082325
3313.8928547933506
3345.9101198984627
223.03696356301887
3415.7408307493897
4141.3353699602785
530.7615555651824
1347.395033423247
3828.2741581315477
720.3416862631011
1826.2691417101305
2744.943738632883
3253.7507833254263
3276.8903243348977
192.28860027955716
303.4790928807907
2530.5349030936663
734.6722105076418
13.922013889442779
4222.709296716016
4018.9129980621283
3954.5675588784716
1380.5287012440622
3876.165534538405
912.5038647697301
