67.0023896141949
3959.247679908287
2031.6520329407708
3086.665619309955
4222.709296716016
133.3470764643052
455.5703602871357
181.28969465912758
397.9830884215426
427.35783625977257
4040.7002033955823
3542.5766221973486
1955.8806777773575
3558.438739782748
3610.82425649113
4151.373321926163
4191.293647250867
1678.2258411653024
3828.2741581315477
3091.9746925170157
3179.25892512276
1932.4188558758901
13.922013889442793
3559.225577434865
1703.8856612523841
2612.6078121313376
1012.9591911874411
2434.509762074113
1364.969120204703
231.85384980171196
4103.982583235084
1244.7298007376912
3897.1017769124633
2785.372253271323
287.31149207739116
2089.5213514840325
1243.5785633887356
686.5699447964852
2074.816768158691
342.2526252695107
