4124.296585736646
397.9830884215426
3131.386450447113
2108.762741050819
4010.95694044876
4159.772858757384
4203.632388958834
2611.6274639590415
4051.088427682739
2127.64907136202
85.82608681269147
152.40028903718985
208.14881208702093
3866.4831903477198
2764.4168970610417
3554.5568364080054
43.44883318853856
3965.8042401381476
4087.4564514295344
2324.502628940159
1234.3110669905589
1592.2550335622552
1607.3010718886753
3922.999088432507
1183.6111000426272
13.92201388944277
816.3011462935444
954.8956487931862
2583.460227950495
3828.2741581315477
3277.4226402393397
342.93337797659143
1675.0443791199837
429.2203272663584
4188.746496578188
3390.6167883183957
264.8366561622835
2575.0762121310977
715.3626032751238
1157.0018029645717
