689.6946082564662
323.9938718850311
2754.619923379139
1320.381883712598
978.2287831554886
2986.496548131653
84.9367213036061
1371.4515341177716
43.44883318853854
3287.814422518555
808.9532829703685
1631.7858164893644
2283.7619541116264
4021.9961156825134
3674.5009937297973
4178.05341107061
666.0960261936566
3828.2741581315477
13.922013889442793
1956.70430244783
140.04961120969534
3924.132056885611
249.81239372585088
3575.4755175143027
3261.9720646014384
4076.9725892225306
1436.5985891675896
192.2120873734375
3978.1805658392977
2058.9343428524685
2584.361171904288
4222.709296716016
4124.399215524562
1285.9786064968855
2622.7400541727643
3018.075997686837
2967.0027437488116
397.98308842154256
2040.838759700186
672.5959801423987
