2135.299947762302
2646.868641451313
3425.3987528294483
213.9483001714412
1068.2120584666322
897.3998228529098
4222.709296716016
1969.482432777786
122.62171579000848
2269.7185724647165
3872.533989915767
177.64464087337583
1341.9638107824642
4188.78644658422
2116.6667005546396
416.03759139181204
3288.276057864833
4000.82671221566
694.6590444581999
4145.049088578874
4050.045991349648
348.4724881884483
3828.2741581315477
3021.9757366277286
293.36691312813986
2654.7921657072197
3925.987740526595
58.88177618029738
3256.805424323733
3267.509582958709
4097.069711431486
1466.6404473753441
469.5694776062353
2084.7816060631367
2090.752869899188
3120.5797435336317
251.61954615017686
13.922013889442795
1886.7651357985237
397.98308842154256
