193.03034834805717
149.72404017390022
2904.2368060136305
1342.3624663634448
362.70812310778206
397.98308842154256
1668.315617292343
2615.9389457625657
2457.8784356634665
2536.8669805507234
3970.806232151485
4157.686128812371
1357.8137572385115
1858.365445396818
312.4177499270929
548.1219908608285
3579.577234658859
236.69558130727603
3875.40987395987
4192.292966479609
1737.6429787348504
4085.592781578436
2903.047246104081
3929.9561833115886
3414.8126264422162
3828.2741581315477
4121.1723481654535
13.922013889442804
4010.8095831999126
4222.709296716016
1176.3101425473315
2020.2609515071958
2132.654130033096
656.5148953285438
4048.3009058610464
303.02723860093164
3521.569675546294
991.9952172077826
102.40895107619521
1484.1369173467317
