2937.7271740734686
4222.709296716016
631.1055356303286
3892.0024901668235
661.321259652726
129.17138928303902
1292.1597287850066
3512.2453885112986
1583.3515769963512
1235.276817070444
3310.046520751015
213.55751058961164
2804.11940767315
4154.180623774576
916.1778157253088
397.9830884215426
3004.8981618819766
13.922013889442768
3828.2741581315477
2170.7621534166283
4117.6551768437785
3430.3651620923783
965.9323284038333
4078.411351593279
2059.8617916519024
3996.9421037757184
2892.548931047896
3958.6653697450847
549.9082427606888
4037.0976278948083
62.776348702363535
281.4449238244255
4188.833843140546
1937.5265477998141
1180.7087270294396
2243.1050844805204
1679.8899044875093
3685.776561122101
2083.3674665263356
2518.284762491752
