13.922013889442773
2249.648158533377
566.5725522084122
2444.6795975058894
4097.219861344967
148.71009043902563
4149.6699512519635
249.17488092850704
3290.272294143605
1988.151172504141
100.44499248006943
4004.478492664053
2279.031208410355
4222.709296716016
1006.1003283616911
310.1707254724985
397.98308842154256
364.5633189913093
2932.476382123432
3526.267959782676
3191.2079800823412
43.44883318853859
3669.39254026365
1383.2133538497806
1500.3100414269902
2986.9864266801296
3957.3954905968376
3828.2741581315477
3904.9731805153924
977.3791240250823
3062.6462818523196
4189.734635778315
195.32204350058805
1813.2516002020986
1508.8282644991932
2477.6535499425904
973.1102087667472
4049.115586781034
1783.02552333958
3536.1147128243847
