397.9830884215426
2351.061112253095
1704.988917644831
4021.4838536961583
236.19202553625843
3858.690488367954
2420.3537694225083
305.68572968747355
909.3695911443544
3935.8839496275823
1173.3485784004015
1547.1784382032572
13.922013889442777
4161.8444326372
1420.9992953117303
4097.527462588527
1972.821450846318
3828.2741581315477
4220.399687221039
907.1973841321699
3893.292205375076
3313.2971294087256
3287.7429412275196
2275.257414592651
416.3172858547387
172.2877784374268
3980.696475755266
2003.5699858118587
973.364866543851
4192.260762873607
2838.2189241481296
90.03494104402252
2992.1960236926398
2804.9773906752494
2049.4746073622223
765.0030288807112
609.8644858059159
3153.69296881868
4061.745704123078
4131.259954883942
