397.9830884215426
676.6508746243173
2613.002422287127
3669.7147863338364
1847.2846096113249
4079.7656549127664
13.922013889442786
278.1087242760484
68.93629435010371
675.6155310931086
3893.400024883228
3111.9821491335433
4222.709296716016
2436.062665210919
1935.1744982489138
4123.609971250722
3150.042049061603
2337.8457618619054
2729.256021033997
3575.978262332933
2570.527807171975
603.256013575674
3942.789094582724
4178.285701386272
2597.850021090082
1423.1812970387095
208.64206470222484
1394.9218294873817
1628.5187046364317
2528.951489147733
3992.329237285946
143.63009513852336
3549.1839114196164
3828.2741581315477
621.8817145354446
988.4194444231539
4039.689579609503
667.3302099411253
1515.8585425428632
1754.5308808468783
