1151.1615746694565
330.08579328181906
3448.7781749794494
1976.5821064638776
3549.9010763067095
1224.602266908409
4136.660730202768
272.53236539186605
1167.6031195779763
3993.172404009981
2526.213093002489
831.6164507565076
2393.485741306304
4222.709296716016
4055.445136960793
680.1551070591576
104.809068260011
3144.3573758951397
1192.6183900851177
3877.272273297074
3126.525141864662
3260.0680298171983
3931.4474223723228
1121.6248999822024
3186.287775492139
2149.0948912414597
3019.8985234448087
2586.1185383487286
1174.225365153063
164.90487868653102
72.97565248763436
397.98308842154256
220.5544458105757
1713.5448493764143
2297.459995398966
3828.2741581315477
13.922013889442804
1127.0704331424317
4180.638844679165
43.44883318853856
