186.31705550937383
1970.279956631783
1082.0181981536714
1589.4154994220007
4107.539354917268
3143.701450009794
43.448833188538586
108.40164259218655
321.4725379047662
3982.965804260103
4222.709296716016
1280.1854762941643
3941.725459103419
3127.463800794857
1855.7147646989326
2668.909440391738
282.4768875306919
3550.0880127282744
4147.841876424737
215.06274086288397
74.4640839342968
4063.8714115782755
497.95691841168826
2589.920248135608
3370.097784915379
2689.2938438047777
364.64309805300513
4190.073147754593
2537.4998760994013
1354.345527479301
3893.3484989717363
13.922013889442793
1616.4678662635547
397.9830884215426
2194.409055471112
765.8474156657528
3828.2741581315477
2408.5704250194403
147.64323472586847
4022.0608082215613
