341.7860140470777
2045.8025609556753
206.62655593030635
1837.1908967715071
4018.393982597134
1811.0749669919428
397.98308842154256
1214.0803790849995
1920.2520819972956
150.26078961359354
576.1470253099014
1300.18551775575
4135.646880118576
3486.499406292568
3160.8565774317913
3520.476666100162
2269.5961562815182
4080.0458551109955
820.4028926475694
2907.860953337171
81.1160312555687
4183.589065323162
1765.1926257469393
3944.849440984718
2357.751199464992
3066.324517576074
3392.0357630240305
3287.3820203340665
4222.709296716016
43.448833188538515
1150.6148988819482
2836.088853296155
3828.2741581315477
13.922013889442791
561.3531221600583
3174.135273046666
2987.872333235423
2700.834312006935
840.8708394646952
256.70694154499495
