1676.4059237048386
4222.709296716016
1680.723315129702
2896.7425300823934
3251.745365003539
3417.120413032535
1464.912084857402
3992.878837487538
3565.8497085601334
979.0786047494261
849.8979538775278
560.4213620784085
2626.8917332942187
4058.6835878267057
796.2341372392509
4152.134747662709
1275.1430953321465
1852.4881924778194
120.68260500728212
2312.224947386965
2518.527381975792
193.12595328402995
495.3794490317746
3910.1250921575374
3828.2741581315477
3348.7773706131065
60.90362605966633
4110.441714307058
397.98308842154256
2271.1413157296047
848.5276378411156
397.3810330605534
3262.077665688068
2092.949237946665
13.922013889442795
4190.293982133695
2357.8239924132918
1258.6415039864069
250.71533979573388
3448.3036129325837
