1631.581836866273
247.69577969556582
13.922013889442768
1299.7755188486383
3078.9143973468217
3538.9786743684676
2117.386793350859
58.30471666565754
4155.3661477983205
200.11649174924972
657.0969216762599
4191.403468588254
322.00560794127114
1299.355563036124
123.17100157839528
2985.6403573090024
3143.0701820206987
2274.9309135450576
4051.4069660564237
345.2684422351946
2305.460022799618
2586.925299769559
3220.9413463778947
1850.333395078727
2281.668291153829
4113.037409061168
3907.0081009268574
92.04614002646444
157.39432633448192
3973.2630843024185
1202.438877409857
980.2707434368152
2901.132185533106
1456.861737032664
4222.709296716016
3828.2741581315477
397.620611675907
1241.928327752363
3586.607033736089
1965.2942490955982
