364.02443426769946
1497.8825566398405
2147.776258122345
2449.1320659814364
1592.4548327521047
3376.328063497486
2373.5921523608117
776.7207716404165
2731.4444733055698
1468.571147934507
1214.4466806927292
3629.5803378725736
2048.6369450256534
2906.7989310173107
4070.6276455339826
3828.2741581315477
1749.2739344843949
660.5688227913821
4002.364467757136
1335.30059053243
3896.741551912582
152.73642502254418
4192.292966479609
397.9830884215426
3858.6904883679545
4101.043975770389
3190.627505167293
4222.709296716016
4161.876636243203
1934.044257611213
4131.460306006797
1736.6303434096385
81.58682090425332
2620.426387183007
13.922013889442798
966.3373928684514
3966.8878450585266
946.4278507976467
4036.5801148158507
3560.0893103021963
