46.62134774615811
3161.843784721521
4222.709296716016
695.7363080517785
758.8499982726563
2071.3339021004745
2564.501116720654
3982.6998205258406
397.9830884215426
3858.6904883679545
1453.5394249942465
306.715499525797
1453.778206058648
3277.1804920054906
209.91485545132772
3828.2741581315477
4192.292966479609
2783.3640422582557
3933.4262637899114
2571.5269590182206
4085.270408420345
736.5541910993963
3895.110864959136
13.922013889442768
142.00956478600204
3446.0210105891992
4124.769144933488
2051.7223813490145
4161.876636243203
1416.6662226901415
1876.8812070287395
2929.9517810964157
2330.251947115246
1448.158613901877
1057.0855606383052
91.39278899428092
3539.40603245574
2613.08133909903
1419.8345458598922
4043.299768176171
