2703.156224592225
4156.176593366191
4115.6020812570705
3992.4077689488327
254.64141734739565
183.19497459664987
478.6056922375028
3899.771247576078
4222.709296716016
1649.4768835972495
1085.2701524581337
396.54560903679163
1886.1070358635732
1046.9249855872758
3180.2788014059793
4069.0668868532302
889.1853872311104
13.922013889442788
3318.093488658205
3241.2002952816233
3550.1216238137176
3694.1891412720365
3284.7680948741518
685.2712926036821
1025.303001972689
1004.0020061852504
2317.0274668200173
3828.2741581315477
3577.0551165578922
90.25528299284174
2784.3179862689058
3226.1979260265016
939.6944896613713
1414.093614585899
2624.481175678956
43.44883318853859
2134.273077113332
4192.292966479609
1183.2467951975789
1833.866097692617
