3322.7869012078468
683.9861662047438
1804.0505785471191
4222.709296716016
728.8027667577103
177.8203132455521
3989.021121528571
2147.6326880450224
2847.672625647041
4050.6892337007816
313.29613148340036
4192.1593649013585
1996.6990820252859
2652.4604529942644
3346.164601741106
3940.2378198799893
113.9729856193253
2221.0538906890843
3861.839548549029
246.52947191961914
13.92201388944277
4151.065401185177
2448.1525056233454
696.627439673793
3320.786805431626
1082.964285859065
2730.940910823402
1460.9267996307847
1068.921717034662
72.9756524876343
1531.708185112316
1660.2186892500222
2904.841532787019
43.4488331885385
397.98308842154256
3828.2741581315477
3098.391207159959
2513.7715290573933
884.7778987053678
4106.129757860055
