2653.319475465851
1960.9542510399822
3187.1554566347054
1949.7087916048554
4153.508104971677
3527.200956171107
1918.0359430465003
1187.1660098287427
3891.716542804139
452.937731722492
2379.5921283564676
4060.765643246198
163.91184760468417
837.6294848276126
3828.2741581315477
452.13698494432333
4190.349294976723
2209.616880040459
1991.3224109172634
397.9830884215426
1706.7875844749008
13.92201388944277
4222.709296716016
1192.9918329722284
120.0554989319388
3041.6969064018085
3946.6049994876153
4105.037962109028
3103.310451357909
1247.6291681392552
773.1563563378485
337.4882279029561
3358.818449709493
289.2263742428271
210.37558134935918
3102.2337805512407
1951.8618913176465
4006.6858301004872
62.68050868603367
2451.153645040019
