4222.709296716016
3716.6048591513163
397.98308842154256
4031.263334407538
179.5007556053886
3298.532659120804
217.07700341794367
1046.0418979579977
1872.9138722517569
1572.2919600863813
4124.617566973622
2618.6639329977465
4080.2435051155726
3828.2741581315477
1353.9255446200968
1946.17566844842
298.4462096476828
2724.9356579774917
3985.160217292976
111.96952374851124
351.8409270466589
3864.474615684434
1458.017799368913
4176.628114678761
141.496343047607
885.8212847038869
3283.9772389950176
2505.740139722996
1047.7759121292356
3302.901934770639
43.44883318853854
3146.014715209139
1746.175902473114
77.00943126296923
13.922013889442777
1988.2690985795598
795.3247389930021
256.45729561121635
2753.902769271081
3919.578927491346
