1579.7993815544805
3279.345518869455
3121.022184628571
2639.53866506358
3940.0492630880262
753.5394724004739
213.36642098835523
1038.3374988127075
2996.99131522896
4156.911786412681
1308.9911791152845
4222.709296716016
4020.490096607086
676.4455953008577
3883.625129063629
3549.590801772595
2434.15748443594
2847.009146988414
2416.916333647085
3978.2705169532187
123.26861374338606
2709.5203408214707
13.922013889442773
3828.2741581315477
1645.1928988400832
476.2541880216478
2962.3903906388796
3569.7289231638433
1327.2059429509582
397.98308842154256
4117.383733818493
4192.292966479609
826.1789342783264
4068.1096923473624
981.3772570545798
61.74811727658945
279.7897571129437
1978.3556441805472
1471.3260614140188
2125.6636303414743
