397.9830884215426
1285.2172250840317
13.922013889442802
3082.297663133286
2883.0146953620297
1130.220884515259
93.2911232460345
157.24815490485412
3935.10344041611
2536.2335545889864
1351.6609508989766
4047.2500884863957
2448.911659503118
4123.743075785519
2040.6762175516287
1812.8373268010537
629.6948531272416
4011.4684567654313
981.2381819126193
1975.6638882417965
2643.4014126830516
670.4881249876817
3876.417410306937
1680.29388245033
3399.1735754822025
2879.898537679317
3828.2741581315477
1819.5294472553326
3526.409062365253
1340.986395154896
1179.4343935270588
4222.709296716016
4086.929628042274
4192.292966479609
1498.9092495199875
2737.100351867576
244.83424663850474
4160.948086216709
3976.1147135412098
50.11271626389983
