4035.6902450126654
1646.1493117625525
2173.9771622811804
1583.4180531983068
4077.0844574352386
3504.386648160112
2685.8024831314433
294.14652107358364
2974.2393348694463
1928.8023982475
880.4694813142785
4187.33192273336
2522.722607581466
119.31988080577234
1481.2299106941734
2749.261684422208
13.922013889442791
1524.9058219571987
3988.051096075476
819.1324475802003
215.8258497129323
2853.0327391880196
1166.068627216809
397.98271332561336
1166.4385588368668
43.448833188538586
3876.6340557344092
738.6882738713741
3828.2741581315477
3353.2104406719445
2169.7071473396895
3943.5962419742355
940.970108296638
161.39227915711683
3101.0968864412985
4151.220452180403
4215.94033584657
4117.509756454093
2365.701829562417
77.37036048036997
