2824.697897611575
1474.9715807978246
933.8873295974919
3618.3815379683283
4192.292966479609
1115.574648790837
2577.007089717859
2041.9802136048625
2937.2074123163757
1680.1474111342177
1828.9301064169754
4088.830524974435
4054.4253888979506
724.2294730498891
2189.508696068732
110.01083827349241
13.922013889442763
177.37411135091526
2648.983073829393
227.70882710590072
397.9830884215426
2879.9095531179973
1005.5607661767846
4116.985429801442
3810.954439421584
49.448584179660344
3389.5612652495242
3828.2741581315477
4136.1257333102985
2838.4413883904754
289.7184081949006
4222.709296716016
3875.596146668903
3986.088830471862
3489.9349510909155
918.6330493674266
2992.5005425041018
1081.8143719268062
1045.2679896428301
2485.4188094134656
