179.33212162934888
3857.968372675692
500.49849124230445
3825.1521744929514
1782.0184936751643
3828.2741581315477
814.6707619796111
208.85894092844464
4167.987060338643
3238.3016765894763
519.8916483899113
497.29727534234416
1775.1438138074511
3460.5147290515124
1204.5375067917848
1883.3728859291634
411.8049545491243
3834.2767019151815
684.9705347689633
397.9830884215426
1410.9295598202186
631.3385251225183
1044.7236309601308
338.92474180479223
368.4562691224469
1810.2783796806862
3716.601301556846
4198.4033905750475
484.284502232942
214.4437913318137
3734.444400157876
4079.113676103072
2526.9916602388384
2529.4502591173587
306.376822302799
761.3149311572089
1019.2429992998493
2137.20882536748
4022.6793073275076
3916.445303015409
