1380.886542228212
2291.2414046167983
747.6399795012327
4092.565673482102
4189.055449870544
216.96973012069918
3920.188098876896
3238.478647539655
2413.0665019948133
2742.4446657047615
3532.1424870373353
1915.9844778038682
1316.2568677479364
397.98308842154256
4017.617256448482
85.79567482997811
1660.5135931834045
1493.6653799162164
717.442243886723
1449.669307011285
3193.539533543165
3639.8672692359355
3285.026080310454
1883.0641703148985
1867.0824078336384
2627.1113642106866
3454.649682879626
4147.170899030607
170.35074989588463
43.44883318853857
3364.6333998791556
4222.709296716016
737.7459668647159
1425.7335013935685
128.5405675211366
1097.7793485622872
2998.68267085131
2862.5886756663504
13.922013889442768
3828.2741581315477
