1630.0992088086068
0.0
384.0385420131623
2728.644205784405
3264.849088959996
979.9778541446453
3262.7802948936433
3255.499667182472
1061.0360753086647
2288.9135122557454
2368.30586075811
1697.5221340609746
0.0
565.4264219806452
1681.3260156180334
3265.7126895055326
3257.1634796850212
0.0
3254.4632712184048
1637.9876337224084
866.795934665839
2852.8027852955142
3263.8501366094133
1190.5946417440462
3260.262665500226
1862.7930561843955
378.8135507017261
2178.612345236451
0.0
1531.4719704132415
415.4136717194764
2274.7761219292706
279.5045589824407
0.0
711.8388224219343
447.0929951477651
3261.508758793534
0.0
2748.413213856115
3258.7592969386064
