250.96351697995834
379.50035824321594
3263.9857003377792
1360.1200376534405
849.9691292545899
0.0
788.5708392663338
833.421269180556
3258.707162750879
0.0
650.2573898985524
0.0
0.0
0.0
1322.9660531219495
3255.4086598754798
332.90975932687616
3259.823395885062
1484.1217730447831
574.2745530404408
2406.1630679248638
3262.047915559511
1831.8759210108187
3252.911954943579
3265.7126895055326
2881.010368725094
2279.017059853866
774.5722652796416
488.95414764062616
950.5714491263399
3263.0630413846548
1863.6892022153222
3254.463271218404
2508.99082439635
3038.316347044081
3260.9597794402175
505.84080529572367
1876.4906476385704
3264.8740600958713
1967.3726665956656
