0.0
0.0
3265.7126895055317
1579.6104145081854
1407.9338776857187
3256.2005242926534
1727.4487607156293
2208.371143283857
1876.4266150760957
2777.04062118204
809.3496253973813
0.0
1175.4776408426117
3254.4632712184048
0.0
0.0
2419.3398867381966
1883.1348849831782
1960.00477256787
833.708538443452
2873.360920697013
2955.7752285405377
3262.236374050083
380.2133729078557
1084.7782637033456
3264.1128556095464
2199.030441747712
922.3708365980394
700.9362105818136
2688.2673574735004
251.06972525989374
0.0
498.72310380337024
536.4391059829665
0.0
3260.4974491189637
0.0
2062.3036274544284
3257.986602884261
2501.112493610391
