2760.193529925082
677.9886711418817
3255.5523651660014
1363.9465407155615
604.5259038379446
0.0
0.0
2167.604288814566
728.1947253149963
301.8495906892481
0.0
3260.3994744013585
283.64146093627437
2814.7953742789023
3265.7126895055326
1327.0700709476362
1886.6745111333785
2014.241972369722
1142.4401576592024
678.5675520457855
0.0
3264.052537140453
1792.6673122698353
791.7868293177892
1700.5734578624042
2518.5145425557375
2338.3600780387656
1186.4471627188166
2306.731414373101
1533.7918474849846
0.0
2666.22512476883
3262.1183522366564
251.06972525989386
3258.5149917593862
3257.0256418152712
505.5231030608602
3254.4632712184048
2322.8611692272702
295.14840027265296
