1384.2844828857283
3256.3343670260892
2543.5358640331474
3258.679955181646
954.931084481559
3259.9268571552448
1995.5208882151098
2634.261843337664
1118.405602795057
1481.2912910396863
366.27582307887366
2312.6189158349443
0.0
2125.9150689744033
1711.6365504736627
0.0
1044.9175785802224
283.94925133749564
2987.172703045182
2219.58503423146
3263.8684332606763
735.1286497393421
0.0
1975.4140395206093
3257.4936504096286
318.27888078066917
3261.185700903994
425.3420370382917
0.0
3255.3212294443965
3262.4416871272642
1866.9278038521616
614.4489490252998
1340.3086912469753
3265.7126895055326
0.0
411.381629232317
1034.2663165527404
3254.463271218404
0.0
