2222.250808749547
0.0
1569.1529279561698
3254.463271218404
2650.81825746636
3265.7126895055326
1051.0747753014114
678.8761691880326
641.1627128920766
0.0
0.0
0.0
1378.2804312666779
3258.199452682773
2779.197253471897
1972.7531023051097
509.20465358267836
610.895170386573
250.96351697995834
1149.3029517318796
3256.58449083126
3003.499754238446
1669.486977626715
1803.756424841496
1733.083933314573
501.9270339599166
2257.3520146988067
3260.7642496157914
3264.7019445901556
2622.112044551027
0.0
1379.4229869740693
2185.6145344871125
3259.462927190968
2666.711502214848
0.0
3262.0592269245535
761.7568182221418
3263.3789092003512
0.0
