2204.625054668917
3262.8715616331947
3258.570865982273
507.23602917947994
3256.725075674125
2693.9819070470558
0.0
0.0
594.5284044485498
788.5756909165092
0.0
438.7846256169014
3260.1295086719524
1118.7445310275123
696.0400555468744
0.0
674.366351497958
1813.626721132851
2224.1395201669025
2804.5266100169306
0.0
2078.9413076388614
3264.871441077748
1403.9277867821716
1394.7758822202663
2499.3593089713427
250.96351697995846
1378.920442964234
3263.869245020499
2949.8952078816756
1365.590015039832
1440.6841870466112
0.0
3255.335247064094
3265.7126895055317
3261.5353004906774
2184.0151564524645
296.52232118132326
2244.931890065178
3254.463271218404
