3261.6671819851144
1987.8035137943725
0.0
1637.25126355466
1129.5508155809778
3255.411997095973
0.0
377.3909028073678
555.6447265509032
1583.231702935328
3264.862942403893
258.30271659496697
2619.667988351253
3262.756696619395
928.9559111037331
0.0
1887.574459988553
3259.5573601883275
1413.406385157456
0.0
1045.8648920944124
3258.5341947243624
3256.4549799976517
636.9934040615113
2319.9686003425945
904.8968901168598
2604.8337124901464
664.297860419798
1219.9605281927793
2058.167381734801
0.0
3263.803114702233
3257.50377351088
2443.976250882823
0.0
3254.463271218404
3262.630510689794
400.65764736334063
1281.348512612497
3260.572793655819
