2365.5561108424226
1071.1522071966888
1664.3321994551675
304.9332585105823
0.0
2136.2636388153132
266.3770003167897
1505.2759931319588
3264.3842306982606
2652.9740306170825
2034.0354472890485
321.24898399651465
875.258175889837
691.0955819759569
950.8467147096366
2350.7085142860433
3257.7094582641494
2830.2943765120785
3262.9730648484656
2661.201005074965
3003.499754238446
0.0
424.7471256127068
1679.2017778049749
1007.7664433600214
3254.4632712184048
719.4044403375435
817.8053085830247
0.0
3261.39772545077
0.0
0.0
374.40999558925216
3256.0553006523223
0.0
3265.7126895055326
2511.6248238150515
1426.4871990027953
3259.572450159846
1738.0820325258774
