2787.8629123018354
2513.908803763225
1608.1670048897922
780.6709162023411
1685.7947492549674
3261.0785458433375
3265.7126895055317
2330.8178731743837
1452.6315860371756
1159.303296998911
591.6003097948804
3262.7539748364297
718.3473514472712
0.0
1818.4747715548324
3255.47267323859
3259.574855180647
1177.1084404786704
3264.327391006386
544.5113417785602
571.3579681011696
322.7789407569446
0.0
2292.606835863589
0.0
1331.5895225263696
2773.2082154784994
2335.1304516727478
0.0
251.0697252598936
653.1300883973774
0.0
3254.4632712184048
0.0
2180.238443762004
3256.6084774958463
946.2636047569479
3258.160637466599
0.0
2064.426393722313
