1022.8472887841765
2796.489943997508
2507.967287364856
3265.7126895055317
2047.5332244191284
0.0
296.0913714626931
0.0
2680.3700259397897
1134.0365372507497
251.06972525989374
784.9228373198888
644.2576732661404
1985.3984310598194
507.63192180183535
3259.4657512417753
1441.669993887077
3256.0451529661855
1778.126943862494
2976.9459667893243
671.4119254480358
1752.1430653430511
3262.5991542751176
3254.4632712184048
0.0
3261.0287175274716
3258.0159834473234
0.0
792.771959892334
1043.3756918034687
1350.0343298237144
2389.415232957027
2317.4132416149127
0.0
0.0
1681.5123803613722
2212.423163931886
0.0
2859.3140812056718
3264.0253518094205
