741.0759567621794
937.7947110048751
3006.227788770204
1872.7096954571323
3263.997460128846
1154.1224547197353
3265.7126895055326
518.646697474556
804.8854533531313
1908.5464310072223
3255.560453613202
276.4546183333535
2317.0319230911427
3254.463271218404
2709.476455623725
2479.400573916247
255.079583644582
3257.0670764156143
0.0
2729.346128220437
1449.6977675115481
447.7034357404205
1068.2812078114061
3258.6683387108733
2666.5544325409046
2334.1630338586956
3261.525016726401
0.0
0.0
2113.7241710560083
321.23021626423315
1527.4444851923724
0.0
1750.7350943590743
0.12272870908370068
0.0
2818.267405849869
1022.4962746821886
2332.0047707774615
1379.1790584006778
