299.91094034538474
3258.3376144020513
3255.784475122019
1700.845059972855
3263.514716832378
542.461450664705
0.0
2659.9940217558974
924.2852748735845
3259.574453724672
2889.2777620140805
1361.2128107988465
671.2680020728942
279.89562543838326
827.5794565129493
433.7593958948005
353.78288136116277
1830.74135932943
3264.73975984523
640.7702313859228
1424.6357148063182
2844.718722222504
3254.4632712184048
3257.1074748802575
2376.150081268217
1856.6028550302215
2448.2337193962744
382.2977020237559
0.0
1182.351762103603
1036.6455108107723
3262.208096632162
0.0
0.0
1383.708694957401
2222.1047452432313
2021.167722643422
0.0
3260.8303248172415
3265.7126895055317
