3264.846810130619
0.0
610.0561906775663
2549.263788534723
2164.1747826768774
3258.9797360469174
0.0
1853.1278111696704
0.0
0.0
961.2100477141416
676.8932008574228
250.9635169799584
3255.873648876763
685.2492601754358
2762.36360356398
2025.5893027770219
2989.9047338669693
0.0
2455.4994313914576
279.62651186737867
504.88318000685837
3260.2918231541826
1355.1793105079005
2552.0192880535346
3261.476725829618
770.3221602673959
1903.2158271268763
3257.487643848839
3262.626283698096
1404.2716241413618
1755.8658398378977
3263.7592693931997
3265.7126895055326
1277.8067954105477
0.0
1048.9969485870333
1631.7989122205333
2629.075612557653
3254.463271218404
