2297.0779967037565
1174.763491882534
0.0
9.130491558798439e-8
2604.9951859434123
3264.703084913506
869.5545852011206
3256.8927002844107
1745.9855304561258
2598.904861608607
3262.008853404638
1549.7075617077935
3255.535064905455
528.2840642289151
3265.7126895055326
3258.6484593696614
2860.281142993595
1023.8850543572369
1898.5445827207755
663.2247084722384
3260.4537599119662
846.138553327823
769.5724327974517
2226.7146788478412
3263.4448801902145
2031.3872738341797
3254.4632712184048
2654.1076668002283
245.16724013557985
275.9683457868876
1533.4129986842502
0.0
0.00486559047412039
0.0
252.57735555311513
1213.0181686340982
1983.294305438535
11.575146714509405
0.0
0.0
