3262.7346698094516
1043.4958453265513
3260.3527626452233
0.0
3263.8295984101833
251.06972525989391
0.0
3003.499754238446
1851.14535817164
3259.19864877573
281.05161433534596
3257.728069699039
1756.6848495326249
850.6383146718025
0.0
1400.2711669702067
1082.822290273853
644.4310015125322
0.0
2606.3861239501284
3254.463271218404
2243.8981282368677
649.4493714198883
2274.9539991175525
3256.2131882726067
0.0
3264.836892673152
3261.5926598619153
0.0
3265.712688934766
2041.6195759742645
1872.2236047316474
2639.1361272953527
0.0
1037.7986634985136
502.0707671088911
0.0
1432.1909008081036
1689.4322647525214
2608.392219788902
