1536.3604154925001
3259.420521353314
1.8171585177353422
3258.219054685383
1469.2432831620724
3255.5220292620565
416.74402476596504
3263.853388614761
1561.7505913694654
1679.2906133647184
1214.115166580199
1966.2476535735132
0.0
2142.6722994932734
1250.190972968854
2171.219178412992
3262.855451242021
1.2373277087054796e-5
2845.64114947058
3264.846682086782
906.2036015131846
3261.7988303822876
0.03632248357520599
3256.5214322509923
0.0045790009327024645
2663.7378334419955
3260.639975555001
2335.186523250973
1358.5395082619548
573.7295593392771
547.342831499884
0.0
251.06972525989377
3256.9409803081635
261.6000784368021
909.3449269652409
0.9526944270249733
3254.4632712184048
2321.8813130609105
979.331547630233
