3265.7126895055326
3264.7988164765557
372.700798700718
339.5612439030799
3260.959798656123
1179.4203573555417
0.0
2246.4080577792365
467.7923531388251
2403.3219391305493
2717.11322144788
2011.4716045482269
0.0
2366.9599112417714
0.0
817.6632439157067
3256.6874896697354
3259.3510350016873
3258.067430305229
0.0
1092.7902023916297
0.0
2309.6066440331733
366.53671347580337
0.0
0.0
1655.7255681669346
3262.44329321321
1753.713983044756
1562.4707283716077
1900.8535713298602
1102.9217875896281
3255.3785296793685
3254.4632712184048
337.76626327623126
3263.7763915629926
1510.085915188755
985.436622447789
746.8373034572419
2733.1314979697136
