1327.3455966154706
3258.506102090883
251.0697252598938
254.61940763586213
2263.4663076209736
3255.6168097480722
0.1867385945218461
1146.3561622895925
3261.0964609881235
3263.530227612485
1186.7387396719562
743.9311979547587
0.0
2701.6564218651233
2888.151247790933
616.0436975938047
3262.333976186965
1000.7692848418349
3264.6840411303056
2713.822970230842
1704.5327808007644
2307.148213892738
0.0
0.0
2011.7399400474428
0.0
427.31028199183135
1918.6889135955792
0.0
3265.7126895055317
913.4329220565003
546.8760987103715
1589.0471225219542
3254.463271218404
3259.773148212249
1525.4351010147068
2171.6032208936977
0.0
3257.11955530628
2112.7753078980627
