1385.8154581858203
1357.6424060782283
3263.46944048786
2175.176793578899
950.2610413400666
1002.7752595280822
251.0697252598938
800.3707901164161
2615.1352364061886
1978.1107573515642
0.0
2816.6052692508815
2318.3826435898563
3256.7615335784835
0.0
2559.122827627345
2283.551020491352
3255.375564737447
617.727087964964
1710.321269224678
514.7957434511827
1310.5629105812636
1851.4691591481637
0.0
0.0
3258.198483687633
2982.2191598705085
269.27912277323423
1520.3596067517926
0.0
2717.5383589928424
0.0
3261.7167472767574
3265.7126895055317
3259.8214264277003
0.0
3254.4632712184048
473.4372709270884
1091.650880857543
1655.539966784306
