3258.141814408357
1323.7098757662052
1008.2564915337149
3254.463271218404
2458.1352477811874
732.1092043515434
753.2091757796815
3264.3970360069443
2298.440440105276
3256.674646191781
0.0
0.0
1593.965752921155
1263.3669583066032
453.3007879992165
251.0697252598938
0.0
3255.4494537452842
2471.3139866291835
3259.5243979722004
1679.4835632870897
0.0
284.3856207060767
2617.6062805326674
693.316008611738
0.0
2092.763907228088
3265.7126895055326
1980.5540530934445
502.1394505197877
1499.0927725552665
2614.5684074748588
1848.2053135317838
3261.100643206221
1141.4593951530494
2905.5902015426336
343.910336427256
2168.19494473982
3262.830965880179
351.7656613114392
