772.7088634725795
3255.475013776227
536.7387623230308
3257.475875031189
1716.133293177936
876.7746153240347
3254.463271218404
2442.6595334989493
3265.7126895055326
2706.7568045803273
0.0
3261.427289273181
2567.254596861613
549.5973200571943
1343.0562059310987
0.0
2416.6179361474046
3000.9346118774215
1755.2949150040045
3259.783739998597
0.0
2922.53141040048
647.1420406443842
614.7406850289725
2114.032709939852
363.2836130024639
250.96351697995834
1310.994919773354
0.0
548.6524948840344
0.0
1740.3258576857506
3261.7420867434275
0.0
1037.2971021641656
3264.63328548756
5.212682439684205
1040.6129488512324
2033.9469632825867
2394.5038167531625
