1420.4935896088186
1043.5679285493018
3255.5045975058993
2503.519269272325
0.16295415207449515
3265.7126895055317
212.1374184882307
1387.5459323991868
2078.870097453825
3254.10719517322
2063.288015436506
536.5026870580441
3262.5649867424404
2043.9071490430233
2538.1413988101885
2078.2825508593387
0.0
1894.2676419086788
2865.5489962976067
250.96351697995834
3261.3193613119874
1131.3410463230189
241.27303012215702
2397.6080653825793
3255.819191640633
3254.4632712184048
837.7759418577613
0.0
1748.3732237820857
0.0
1010.7147561764248
645.6420892410047
3260.0239477220816
3264.864851121756
1439.0343220099553
287.73226335220994
2985.4434048579506
3263.764665046806
709.9824881863549
0.0
