3255.5862168279787
0.0
3254.463271218404
1868.817959247112
791.6848903540198
1725.1365473833234
2007.7115961817021
1627.9107314283287
2197.8621312425876
2.1838356662306284e-10
1391.291891894588
2733.908912714144
0.0
0.0
671.8524309966058
2189.3611953941245
312.53665658672696
3265.7126895055326
3259.4198936438543
0.0
0.0
938.7829486552073
2919.8179215024443
0.0
2393.386604892699
2866.9729936533945
0.0
1364.6663495300456
1527.9414386266503
0.021750042601488346
605.46802563654
2715.4749827326978
3261.5690604145257
3257.3660629895926
3264.208546944597
1782.1485943337618
466.5788484464292
1163.8937120994192
2556.089395062445
1017.2902195615184
