0.0
2636.574410849639
593.7594377638846
3262.6877421570703
3263.809811179257
1270.3326795579426
603.845707161277
1402.292921515952
251.06972525989374
3256.235674058194
2068.796295300341
3261.6665130470983
3259.5283993604494
1640.9651653046265
0.0
368.45332846932035
3264.833430421129
3254.463271218404
0.0
3260.600963831744
1072.4765470372242
2463.5448660508546
2005.8013109049193
3255.292308053159
2662.133687165276
1202.4657932555808
0.0
1516.0197010303668
2017.5935040977754
0.0
0.0
0.0
811.1512315467057
619.5206795314972
3258.416742547581
0.0
3257.2877552642894
3265.7126895055317
2195.6765465807293
346.89395995007857
