3263.364983884319
1561.9002765882394
1604.6634985955297
2849.9624817287145
497.59790450277046
3261.003160335572
453.48761565480424
1030.9802620894764
0.0
2072.626913738309
0.0
2757.7226122339653
483.58919425668
0.0
3258.7225457443237
2256.727417902998
3264.6621100085963
2400.7469494056227
585.9661900152424
1330.0456393407032
1920.7120467470597
0.0
3255.6124982521924
3265.7126895055317
1117.167143792524
0.0
2564.4713312273334
3254.4632712184048
1714.199256189624
281.2535032584486
459.76223598988133
2597.7247304218636
983.6406205635831
0.0
1702.7835121282376
2435.1691586674333
949.9046139249275
3257.220926080603
0.0
451.20155151804937
