3256.9026582616357
3255.502041288795
3261.287517086742
0.0
871.8113329862431
0.0
3263.9629942856673
488.5746457832147
2086.607586357704
3265.7126895055317
3264.873900098618
1108.435826297589
940.7236105287251
0.012106523588194789
1707.7922147411189
1331.8463201205736
2662.940241717457
250.96351697995843
2774.678073854471
935.5302263298656
0.0002173320130640464
765.0138720437155
1019.0072236255144
2404.4924842819505
3257.1956458318687
0.0
1951.284382682331
1344.6309946204158
618.4665334726786
3254.463271218404
503.03451885837404
2973.764947764794
0.008269779303374523
3260.7341016436317
0.0
1084.2899192588511
1521.7965660126695
3262.994093504654
2242.092406598056
2356.393223112299
