2853.258667929761
1858.3859244758723
2746.8383113829223
3255.3443881022167
0.0
0.0
3265.7126895055317
3264.3954750538023
1906.7626010621768
1083.2498663665651
3262.8783510419294
3258.8413250913095
1175.0494979977207
473.37558230705395
696.4979345301047
0.0
3261.6981169544133
3257.605234525351
1669.80807080854
1979.461089321232
2247.760142200467
335.58096204287034
898.4228898069243
0.0
251.0697252598936
1649.8008112773775
476.87171714780834
2687.1468451408077
0.0
0.0
3260.2605145222356
3256.4144076491243
1889.0583087305
985.8797337483805
0.0
934.0428221884854
2386.562638633337
2561.6953854896133
1175.440574050601
3254.463271218404
