1543.0842114395134
3261.6194088908883
460.84416895971736
2797.1586707591705
1201.5427746047076
2936.0545180014415
1345.02717953111
2382.7791716111446
540.3142833311867
0.0
0.0
291.89682408088737
1879.0820969737838
896.2094163143436
694.9985098795123
3252.201555849516
0.0
1828.9795024447008
1936.152286065387
2577.586679259438
1716.810065982102
2149.2724760615174
3263.1938025275435
3265.709500024438
1487.569072618336
251.06972525989377
2855.4483378298255
3264.59536882754
3254.463271218404
3256.021212035126
3259.902434741984
2302.9469139960274
489.93553639352933
1253.9555517208196
0.0
589.8506397729914
0.0
867.995790537742
869.8759401986887
539.5081259994176
