811.9980244478342
3265.7126895055317
1376.7871928300856
1643.6730272197267
1700.4092025464402
519.2851896835397
0.0
0.0
1416.0346282732964
3259.62469424866
611.4080778914196
1177.4956910741
1651.5313880445003
2939.202586223157
400.1759364565615
2630.6913456717903
251.0697252598938
2024.4258566423632
1115.964005875143
2409.2954008858565
3262.970005848385
0.0
1253.1844393628542
2472.8929282729723
2265.4715778913946
0.0
3264.3408424189643
0.0
1317.1551308338837
3254.4632712184048
3256.2697532378425
2797.6190713936126
3261.5246493814084
738.6155970059176
252.36176500586765
3014.9355513379487
2133.554232881964
3247.3762383693074
1976.3891606579043
928.0402067196263
