2297.2275491349437
270.8374620604919
0.0
679.5311041033291
2940.906862321387
2792.877718194477
2827.9709158449355
3263.6964067901317
3265.7126895055317
926.944938081401
3255.756094723283
3254.4632712184048
0.0
3261.7395849962886
1918.371979262427
0.0
900.2470926297669
1561.211357776791
1197.6324874034622
2536.0689882276138
251.06972525989386
0.0
1442.207614415896
0.0
2681.8785305963042
0.0
573.2234258733578
2237.4068028142174
638.7043657515652
1124.374194187678
474.8212475561082
1569.2177054580952
2281.2112704825277
1243.618116173459
1639.7568905529201
3257.546850513334
1355.5341804862226
3258.9285626034934
2096.2550908923017
3256.9278822662545
