875.0065215711409
251.06972525989366
1637.7122802302576
3014.298011219941
867.281423966876
3262.8284933538766
3257.172483000527
1900.5563353109844
1778.660302438052
386.69265597626946
3254.463271218404
0.0
0.0
3265.7126895055317
0.0
3260.796446892336
1965.2143939659184
1472.8371500789874
3258.884081249299
0.0
2749.1937439541193
3255.566380118214
2228.9960866373362
2006.4413752883997
573.8872408935906
2716.661333590368
1251.5485323538198
756.7806080252341
2035.8876365421575
2380.0222031260014
0.0
0.0
358.9757052832391
0.0
1535.5370560153074
1205.3611693823714
1102.2661809141553
2301.059931786812
2277.8542435139234
759.7535244317282
