3256.1209840702845
2167.893948154723
2879.8377414740335
0.0
821.3392055707975
1393.644895275339
1928.148657837506
0.0
1750.0917742868146
1419.3283565071265
2545.61037180662
252.06585646968335
3260.469803532042
2642.3301896708404
1201.192222525233
2330.657075403547
850.7441905527658
736.7219256976543
2977.5170267995486
1977.8862731356612
0.0
591.1299572570799
2184.0982868282454
3264.7333046200947
0.0
1127.2104680583093
0.0
3262.226834171374
3263.5123895528814
502.1394505197874
0.0
1598.0553485770454
3257.491608945838
251.0697252598936
3265.7126895055317
3254.463271218404
676.6718487087396
3258.774097796522
0.0
961.8915514066276
