451.3481528406134
2173.8077351669635
1028.1381521736764
0.0
0.0
1015.4841720704592
0.0
1423.1454191720957
3265.7126895055326
417.1859364368868
1501.7473122827842
1407.176830315034
415.73168689510885
0.0
1974.9737271561105
588.5893196617901
259.20884658683434
1677.8422530008083
3254.4632712184048
2558.2061680508905
3256.5916748093714
0.0
0.0
3255.345598683424
3261.4300662571054
0.0
3263.6959150464513
3259.034031648446
3262.5415211911595
1853.0978773441168
979.6077746085979
0.0
2686.5702630757205
3257.883400741467
2294.792366755809
3260.1653988869894
785.5249823926744
3264.7662875257715
2455.876029351074
2791.83055779161
