0.0
1437.856950672476
2.468960629002565
0.0
2332.212847427767
761.5969680872444
1695.8972785964738
0.0
3257.189409678577
542.8917448589866
3262.7250972380225
0.0
1668.4998244616118
3264.7994896768564
2797.7653650145908
3243.560891951206
1119.7278644735015
2582.1004673644593
3259.0917281620823
2016.8513222589297
929.7859178578642
2108.639966962152
0.0
3254.463271218404
3261.622545385373
0.0
2981.533254352883
0.0
2211.2264029602325
3265.7126895055317
869.0355965762598
250.96351697995846
1976.2799716464378
1275.5930822196078
3263.7994859622013
406.6705091404788
2260.7020610796562
3257.258724480964
588.7779918962677
0.0
