1406.4999648214564
0.0
0.0
1220.373679821654
3018.326205427175
3254.463271218404
1693.1728688224252
1657.5696900813502
451.51025095843687
2256.156470903072
1790.6426877206168
256.80307595445
2704.7356911865345
2009.3953861599582
1859.0250316152556
3260.8414494818653
1506.800006773976
285.4875392412622
2243.0153390570713
3265.7126895055317
2393.073619744111
3115.6411668507394
2176.664969208563
2763.53320619677
3014.6429642456383
2245.259342340883
713.1763206123824
200.54673397847907
888.1449621327841
1009.5919246355958
968.9630263363132
1184.79979970791
2289.523044484469
2549.8405356224125
2486.774740465352
0.0
2440.9226156832888
3043.4603683051496
1433.2947745164392
524.8355292768375
