1671.180030391742
3262.180775217516
324.11592793122384
1861.9928030738138
250.9635169799584
3263.359394272603
3258.5667208544382
1848.9202789746564
2746.603692165535
1388.6446057115804
3261.0199910653646
1012.5904357033459
1388.5015394329876
3264.642785532148
3259.837496840255
817.0536248510972
0.0
1389.8507924983992
284.8106757460875
1817.8523028414404
3265.7126895055326
2211.089333956575
776.9510938542714
749.5222962035391
2436.232727400246
302.08625425713814
3255.902001850788
3254.4632712184048
497.4454373487663
606.8707600812124
2345.1264507877813
0.0
2864.012070119691
1952.342834803659
1324.88136046861
0.0
3257.204136878044
2487.1855268778636
1462.3603732119911
0.0
