3254.4632712184048
3260.9908668810913
3255.5795315249306
2994.144981527307
3263.941127385052
1671.4552377164027
1942.9597688642118
1077.914380878338
3262.412076709641
978.3086421903581
2155.7956244474085
1263.6528543323082
1526.311048914366
1800.6466794515393
2068.6458392300156
475.9108215192046
435.9577464600154
0.0
553.2368468227986
2361.3789547845845
2613.647389847433
3259.578460789736
0.0
3265.7126895055317
521.5589589457147
0.0
251.0697252598938
3258.19746655624
2713.7802225874925
0.0
2181.058234867996
0.0
1014.7034165712619
1160.9634934480673
2183.275547390151
442.2538216645648
608.2298782954905
3256.933167035388
1510.145911467404
0.0
