1898.9577379485936
3259.50387098499
0.0
1073.8080874794005
265.59542084070836
1726.536604313205
2496.0862530293343
0.0
2090.5360621561276
3258.0241789957845
3255.4344159313473
1988.0833210930984
0.0
3265.7126895055317
1692.2034752413429
611.1494815262945
1089.0401669853434
610.284636211453
1805.7756345716825
3262.2637523922376
3256.5448424752485
2371.8182061980533
397.7746760416162
0.0
3260.8948730539396
0.0
1490.6071258160844
623.2632866232525
1308.6559267456348
251.06972525989386
911.1755904053109
0.0
3264.5984590625835
2663.0183745345958
974.6139087482757
3260.487864602296
2215.7544221869002
2754.5716940633965
0.0
3254.4632712184048
