11.511966890021682
11.38081035859454
11.420189815723752
11.475942992864404
11.428522737177424
11.476455789887131
11.432834982308131
11.508719482603977
11.435333454962016
11.514537549081489
11.502446210699528
11.553310701824543
11.440033181028927
11.453931623921079
11.503470556363913
11.436057687713745
11.591805689429194
11.462973377641655
11.510101356463093
11.47242565014532
11.475803468374382
11.392380959344708
11.368362975781729
11.522539157545388
11.456398104073196
11.407608938046565
11.429478868999903
11.474437525250417
11.399331142132576
11.432505163454497
11.376588861275604
11.482490933499188
11.356796712610883
11.489709912964395
11.460395488747192
11.519094391100456
11.499299212415943
11.443501680328213
11.41868875233281
11.502818825076936
11.534772243123703
11.420379195070888
11.520800158992138
11.478514414719907
11.41893973567573
11.453761188128247
11.487448219570691
11.563070242143176
11.400854222336047
11.356558817625782
