2873.014234752523
612.4100705493031
1737.0302802400456
4434.675870851717
3418.5079759918467
-369.32949010715254
2363.0874884039504
4596.517759535896
2607.8130618737846
472.7290495970925
2641.7497593463004
2901.7582963266905
2524.9011212906817
-36.63036766921594
1463.8475460312077
136.00806926480863
587.5524293384166
4340.380478411306
4533.758539556019
4393.239240267694
-7.878420138496267e-13
1661.6371968383455
3994.3952919405688
4164.800621899929
2242.7361747929267
-170.21273491904248
4078.7636624771667
-431.71713763596836
3245.3932260301563
4245.305698647633
-283.55845104881894
1259.5631534864874
-101.3343550709782
1416.839295635912
2202.41997111204
4288.183599915983
4197.092446552939
717.9262534686934
3325.731969584057
419.2640793384436
