1168.338579906362
772.2818263656466
4516.5509407536665
3704.9172303622427
715.5309104566336
4596.517759535896
1125.177000047658
3290.580804333643
4263.850202233848
253.58461227112298
3212.5218120221652
-76.53137675930135
2606.634765903662
316.43053496316907
3629.036821124019
587.9902250531225
2917.744510670538
-431.71713763596836
-7.736954076204941e-13
2437.8334069409693
293.88789945947303
2569.1676176636056
1549.24349913201
391.2921277520205
385.14682882405464
4432.02543538613
4027.8676111878012
3843.33544361696
1581.9633160621738
-320.68163375154575
1596.2904057340722
2067.7879523939596
-149.21059857058862
4364.745986097845
1618.6333728001746
112.47690711122262
2072.803646564836
4164.800621899929
1431.6871247431434
3276.9162554880854
