1867.5912373594847
3517.0153607972406
590.3983899396476
1873.0114810719597
4496.337894689331
2459.6163210073983
4228.944685786179
221.89266876010845
-215.39361056072704
-92.1358235531834
-145.01529590375165
4164.800621899929
4422.569895713001
2365.533132505042
2294.5355281471034
3487.256083616748
55.61098053745981
4069.9526400118593
2882.832710432062
1760.47296037092
3045.565069776175
1547.8117601769748
3278.491132684908
905.553048529914
-39.911529643230075
3127.284247633701
-7.680491584082197e-13
2019.1199026925792
158.06227242473716
3726.6100699129684
4287.661053938318
1063.348975426865
1280.2930944305479
648.8006802059424
-340.5221086942393
4205.001807754714
1725.3192891694202
-431.71713763596836
755.3594390901297
4596.5177595358955
