2250.4121517084113
4346.655103843133
3644.8339079727666
-197.5544710290632
-391.6718440289006
2031.0923047021586
555.5570768592404
2648.8627270129427
2601.9244177895052
3765.2593852810032
4284.518424052757
625.4383020917139
3168.521063540847
4516.612043149613
843.8093856651299
4233.254332663299
2960.480778333281
2726.3810597663655
1131.0163840237783
1682.2758035790457
107.58682882884086
116.69029003687439
601.3751041672956
4429.062643698442
3728.938308197085
3448.6065733352552
4226.126484819712
990.3362214602348
2571.8854657017487
-7.838174553853605e-13
437.3107638839411
1367.432701577861
4164.800621899929
1598.52031823365
312.02338993328135
1987.0779126446046
88.09161435435337
3320.062830470998
4596.517759535896
-101.08393690155611
