4596.517759535896
498.77508807358663
1771.257657820481
297.0275350433918
925.782455213794
433.19912761563415
4231.319281978369
3996.6031676298467
1797.9176613678235
3269.3316872284645
3283.232775274782
-50.14326272313218
2022.716551045819
6.567591427445817
1753.6523919036476
-103.3844560082525
1212.8392030344494
1984.8804314477345
2758.6425720944935
1854.9961446555744
-7.882583474838611e-13
1906.6365719704631
3824.101114027439
1766.3713599569032
3002.4128866473675
-362.01851032231264
14.256504556679175
4164.800621899929
4452.99853314553
-181.15829111410886
3440.24899165563
128.4837746740147
2718.765989216235
4205.30516271671
4243.035694036515
3810.2017429406856
1357.316500821876
-431.71713763596836
1764.720449198849
4302.064742475306
