4596.5177595358955
621.0615170226491
-8.020497385373651e-13
1061.2925889396754
4164.800621899929
3399.872508454493
581.3422112971598
4393.343599512781
-124.33343309693228
-311.3193111876694
668.2338994914875
85.88820656631728
-39.56020818675737
2575.1512611572794
2186.8502515520745
-208.32612830222612
4307.208944174111
-431.71713763596836
3146.2918944656894
1837.7315192979677
1784.5368529246662
2820.09411547551
3861.815319587283
3716.0099237872987
1266.6856833539832
-265.45578117877545
4091.0546724270303
4483.566892290696
2766.0942731185933
3548.2871441692287
804.781388563589
3169.9753119215115
1390.5519725657346
1808.2929833155276
4242.087079051339
3252.6659577888295
-378.99731907412325
-75.34169391919838
1721.9744436580788
2482.99369964195
