-269.2651199862419
2582.7551153188997
1565.6929091469394
3548.477492306879
2574.474306637712
4046.2982801647036
4164.744220249026
-178.3111413542301
1458.9828561579234
4198.08010237938
4469.013240530711
1528.2714751496496
4596.517759535896
4548.082309843732
303.88944640727203
2927.6304617407827
382.9437904974251
2284.645424558282
-7.993605777301127e-13
2967.9225969663803
3127.683918450544
1049.024132987595
1186.7902111695455
667.7002059763226
1087.7416108513878
2152.7965530235956
4042.667748722883
-102.13537905178333
4262.058476406929
1830.4342234063224
515.2485783460165
3519.197293223714
-349.38448179177016
1585.616100854682
3361.688883823926
4370.006687135751
-431.71713763596836
3772.4625209793344
2569.14275828068
1977.2156994965687
