-352.8968174065217
-7.865066161926129e-13
2569.8402241503427
1413.294265237489
2039.8220380547505
706.9364796255751
-305.89695362654663
3880.95310305714
1574.0097353987994
1159.7810078222603
3084.3822214792567
4164.800621899929
604.0174395449625
-397.9757470890805
128.21759057883065
664.9638415513158
4275.999925357252
534.7220086084284
3780.3047946714723
4205.969578858265
1081.9655121115138
4422.838158679431
1895.4865013438118
-255.08095049557375
4596.5177595358955
-163.4308471083159
2486.751933983202
3034.4155682279243
3539.5660229109653
3293.7423113647947
1779.9564876420964
3116.2199370018807
1909.426013783589
677.9152973599265
652.1515064117643
-91.2908654078634
-431.71713763596836
646.3452750434633
3935.2069105844653
4511.2060660902
