2780.711000410843
-38.771963959382695
4164.800621899929
3938.4357607553557
305.8807431945276
1048.7964607990432
1196.3584252065389
-431.71713763596836
816.4757788464988
4535.5900026225245
2696.384526800447
4478.99053429595
2955.7903042512007
-7.906175714111896e-13
4205.203839179638
2485.93614554538
-198.6211891440263
2882.8345137305337
-272.1935071845512
1294.322291508963
4283.556398020224
3626.45064151512
934.085347259511
3752.0304651018496
4379.732382824324
3018.7151566657312
531.6980456907813
1234.4348057168047
-20.291095068775928
3072.308449992975
3525.5995306876725
1361.0377008325215
-111.76191235934621
1818.7670084103347
1777.0005828151293
1975.796098623321
2668.7675135662516
1809.5959714072999
-339.449559670899
4596.517759535896
