-303.78177414137883
3322.484803482371
3397.7592441255483
2130.2192060704174
-137.3175558222738
-387.7983342777423
1966.8061951309098
-90.9412539744727
4596.517759535896
-241.11084196394597
2649.7747929741854
4453.927862166461
1252.3638271966088
521.1897138619868
767.7284945972339
-431.71713763596836
4276.419420364173
1087.4297564814065
4377.793266982003
185.7966170379936
3256.6089362909624
1929.4562338758944
2338.3571365388416
4532.942023752517
2757.1813042230024
-193.71674769185267
586.0075120030963
4068.3489207476873
-38.21887574938111
-8.225364833691629e-13
4164.800621899929
1266.757272835055
3384.4490172721953
3768.7620059450965
2411.4553329767177
4198.774777303255
1192.6671229645142
3301.621679175815
1334.4107669481334
368.5225012816858
