779.7107338442538
3182.682038987644
3847.5367107201305
1391.4269015831755
4499.760905292145
2376.629238627739
1120.8471460080036
4596.5177595358955
1214.746025951985
4244.608891403843
2251.3603622214323
-231.65729257639094
-7.677192215282957e-13
-79.2852778777272
3558.0566906961103
4302.233779221404
2199.8892710566015
4254.150655564087
364.3701536931625
1586.892929604458
-71.23304847068992
2263.9837956315223
-159.4623403269792
-431.71713763596836
3074.2405798720556
-308.8809506518638
3962.3632634608584
917.2186613658453
4195.867387038499
2193.632132718462
772.8087556400569
4164.800621899929
201.70155745337718
4431.588744798808
2947.8480361047154
3607.9333978176232
2200.4826593980542
983.5476896431355
1703.1791041430122
3427.0647375844737
