4556.879227465433
2209.8215978940552
-57.41863628616216
3293.321518350853
-99.51942927789162
3970.425675124721
187.71937095899864
1004.8512801817672
-386.6485688607549
-8.08242361927114e-13
4079.2814469299683
1526.6716038803384
4358.454172547174
3382.817297142312
278.2579186459744
1400.2964071394879
963.6460119357315
265.2220860287905
2663.1263228697553
2874.840224454056
3092.7564478197046
1527.267042878677
1596.289894634133
4164.800621899929
3578.775294329922
3183.2333657947634
4596.5177595358955
2249.927598630212
2791.069789588938
4197.538549060898
4468.2280678094885
3083.3860729429266
-130.64436066355495
4277.157082262054
4513.848523883056
2066.035746871908
995.0058761823007
-236.00359104663164
1504.5783720734246
4410.57864757131
