685.3763399487088
-147.33918360212763
2953.8182008160757
3732.9033166150653
621.5684332270156
-64.96302162203115
3717.8807134610356
-8.210963234646137e-13
4226.201403319641
2650.5928133444463
3181.807604580194
3064.161859693215
4412.775156585112
3272.028176045721
4164.800621899929
374.63356241912044
1246.267798642999
4527.447110775995
1324.8313275771955
-251.7979216007895
2504.9554355150412
2218.0013476668255
85.91167043232662
4596.5177595358955
795.6220929220613
556.1778663036664
1259.383896939055
1916.4151754602005
2415.835507472377
113.54468788667165
2364.3166754213175
3705.177040809062
910.0953355492973
345.12282476640934
4160.105372548527
-343.43120748442203
-431.71713763596836
4301.92875184164
871.9092413268354
1716.5468524102753
