4113.528831176546
2788.578428541481
-35.71177369641961
910.1363346112282
2773.9929252432153
2060.2178148547737
1258.5053323373293
109.45735576318938
3650.7702622841034
3633.982063525654
36.54755538505549
-66.15449569096673
188.74191181147538
1581.6673994341709
1647.034803889093
-31.137846277589052
2049.140907646119
3208.332113435212
482.3359606025738
4164.800621899929
1101.8461264965904
3658.338288404857
-8.149037000748649e-13
3237.8616855177797
-113.9311845824676
1357.3006457771826
-94.50833919043333
-431.71713763596836
3693.313990312113
3061.3004549090642
3988.584413260687
4290.094895695597
2302.719352745748
2749.70049756135
4596.517759535896
2043.9861562309434
1155.3086284891103
4509.771281905016
204.70789003068077
-343.05939673243574
