3672.9484551193736
4199.980872710915
758.8932463520109
2246.0811107577283
4596.5177595358955
4164.800621899929
2288.8274009785964
3509.453695920992
-431.71713763596836
1852.8818545733814
2593.190645723318
581.5608151404343
-39.994930002148216
2132.550402415958
2754.2140257339174
541.2912290849785
-89.59516373269024
3878.4593933863566
4290.383864514922
-199.83062061395032
-282.15167519666204
3364.423104653514
4525.316027035451
3380.96958503171
1508.2807848186187
3244.440517605206
1335.713822258116
-19.040073429924725
4370.315143499097
1406.0185643679629
3485.253117593063
4484.215825155695
2113.1130503015347
-349.2503935673602
1122.0268858959125
4434.996561288655
1480.0398061944545
-7.678056182826062e-13
4565.975170416836
1543.8914542799969
