889.5206421676733
-431.71713763596836
4410.655919844105
2921.1047384947046
4164.800621899929
3551.7387181951835
1790.5325368458666
1798.405881751951
1884.5063045784693
341.5273801491815
-287.5609494682901
2467.9204802871013
1856.0126533181735
4245.351089265736
1610.3502393546587
4287.0291244159935
4375.842653696644
2394.3405146267696
-148.14699649880248
4345.925451975171
4596.5177595358955
-8.225534911844343e-13
4195.34321101899
-43.3720919583066
339.6286355552029
830.4878713413764
-357.1319661642752
3139.730789664704
1028.3464732031186
4517.926595407614
2389.122343278557
4132.546872270168
3044.9312618107433
4314.7780824615875
3294.0550524030723
859.9507438718257
271.1674291982562
1541.2923519276396
3410.1058270342555
4207.637243465353
