-373.28424753542885
4475.128730636642
1738.508946856971
-431.71713763596836
1242.173424945922
4319.195094973794
142.4272018457329
3966.0473917923996
1781.8065567460699
2761.883518740901
1132.6248840376145
3710.403371274692
1985.5828645436632
-257.8695682790578
823.114396023974
-7.728193085476676e-13
2170.837197538937
4269.096382745971
817.4433776157541
4164.800621899929
4166.780526186011
4217.738444120406
3307.198099738867
610.1218115505721
4422.191813108221
2973.79078033073
561.8333665783153
2668.934502110505
2094.6952072043377
-171.85850119280997
2041.2801833870863
1044.6240155468668
-52.39722799124807
3017.837801165019
4596.517759535896
-105.20445672810197
3709.4216434591176
3081.047286640321
4545.951564518783
2832.0428469320777
