2270.26957917228
494.7049904647179
95.93567347789192
4164.800621899929
3555.398227819764
2755.3966063666876
-7.95752352900081e-13
2360.7672128868317
-266.98136155743475
3039.9787228514115
4596.517759535896
4456.245913512605
418.78340640112856
1406.8369272099435
-373.6969039966269
808.3869942875426
54.727229058598496
3127.100266667316
2801.48920059934
754.2596057700509
864.8344049026748
853.7454042843098
2156.585181689166
-431.71713763596836
1391.6632011666256
4102.15912017968
3504.2025597188554
2801.2568164623603
4072.130023834373
334.7121861959632
1411.9793021686773
4213.54748904852
3247.7788679763426
2646.0104682919673
4319.1454578023595
1373.2664794560042
425.77283343107604
4266.685542278938
3849.0986407409755
-117.78921894083261
