3662.0818853284054
1771.5787368600413
-31.071896497561657
2677.861858975946
4543.089597751833
2828.4618354709573
1527.5995859970428
4035.60467597118
3914.616711682406
-373.972319266336
2097.0584976307446
2281.8545851832646
-200.56028097983256
2184.656861728762
979.1231165779147
-74.65067273907937
3519.0536715331637
837.2948621814323
1004.9262705153297
-7.709114521435814e-13
910.8028288856015
4452.003796489496
3003.022253235822
4196.680548206358
3592.0393698303037
1495.7628262469912
-129.01376222632743
-250.1582150904809
385.21604553040163
-310.54251047595267
-431.71713763596836
4596.517759535896
4364.089872177806
2540.2610474270678
4097.274683736821
2084.6544495246944
1027.3343946075925
-355.9561508073353
4164.800621899929
2955.5032467045776
