3678.794603003275
1390.2670661753605
2958.8636526938585
2008.7275288073968
-8.205722510918816e-13
2518.953040693511
1927.3160732745614
3745.5695716766795
465.2575391943133
-73.81950001445522
4596.517759535896
3766.9627264190012
-30.54258911906129
1458.1432827161852
4164.800621899929
3800.4791033977567
-282.33755159364443
958.9376536166247
-20.849491921542338
3146.4744132002647
4407.17719539748
3156.2398256525644
-350.8873445864739
-431.71713763596836
2521.6003612750023
2808.6344043851323
4550.7064554183935
919.2518607593523
867.858577609449
2187.3285987196423
1384.6806720144834
3089.0577795305344
549.8070322722491
4483.027433254908
2266.7263452039065
4231.3031490252515
-134.66022769020495
-210.829174853442
3708.125100862111
4334.0101175980535
