4046.6533527386814
2452.131650007581
4164.800621899929
2258.8706248041904
2611.1753127380807
1451.8632167421174
436.0033578357181
1312.398166987663
3943.3487110342753
-7.80018071553483e-13
-232.79283542001195
2038.06436997419
2292.885471769215
3218.724794566496
3769.922215205399
-392.6194453064229
3045.111372618255
2274.1179337308354
-127.16113025055074
4055.439512285939
2891.8765083432645
-74.43038239581747
342.3843573729347
4292.350470319735
2133.3857462403253
4596.517759535896
910.8013573610017
4419.704060960884
3857.953895649279
2717.3216147449602
399.08800111941355
1022.630037283716
645.0571284114678
3366.963622765033
1361.2653623560177
-338.7209377396258
4035.0233215221374
140.59906795256364
-431.71713763596836
1045.795593438375
