-163.29433351486958
2213.8534905120714
4361.494434237521
2187.517059614223
-431.71713763596836
974.2561857588339
425.56923776212903
702.8052547635992
-112.81720405078198
-394.80380676818174
-213.36521419269252
2247.221524444212
-273.29927312692666
4524.686967761844
-362.61037070214365
-58.07795669235857
3321.876534086889
2216.205866980801
3657.230332491429
4206.363267325758
3888.727601367522
4448.006089201244
1216.3838851004439
3030.8919373572835
3274.638777749795
4093.5101823573514
1483.395374422545
911.8191468680643
4164.800621899929
2190.2142647563587
4596.5177595358955
2192.7532697143424
3409.7158765435393
778.2729856366092
-7.966714169228603e-13
4258.9531180960885
3550.6879812579855
-314.652896153768
2275.973018367841
1628.243452797944
