4198.71750271894
1684.25076215888
-8.120417457589915e-13
628.1299716974047
4217.900265918033
3015.8659400822526
-83.26225595600901
4596.5177595358955
-34.30267615798181
-431.71713763596836
-388.5195147768926
565.8233565149571
2843.4268501267043
3498.298237727643
2225.636497568685
2043.1093988638688
4124.268186698077
2541.116337100696
596.1311124195441
2912.6922754627776
1066.0498376633122
3324.536863844706
1243.5189617554834
333.6702482661982
1911.8838566733734
662.7734506785341
3778.637382087963
2860.090580679794
4400.305049008213
4041.418258810682
3340.551548403242
1635.7489672214674
-174.1447920855933
1578.7958425885945
-332.00393133303584
1396.6286539574276
3526.6386436052694
4515.225261296403
4164.800621899929
-255.6445773349418
