4517.307157858091
1758.9345760577949
-137.2427896177151
102.87033927516966
643.0233259417058
-370.3429772973124
3266.360807274084
-97.36548461572207
3685.7166822578693
3700.3099101591997
2831.5646587670735
4431.5983016318005
4596.517759535896
2716.0738003060483
4092.411472916282
4164.800621899929
3792.3107961393825
314.9621908403308
-8.128220319036927e-13
3619.673010474253
-34.46698381254134
4291.657440100056
3685.0202508156576
2466.3790432390483
233.28865442435108
2603.4271263810474
3707.1012998889864
2955.736787225801
-54.76474387901878
1172.427172500104
1452.6222248092677
2066.1763656948497
1492.5357967445527
-152.52969391483896
2790.827534475615
-431.71713763596836
1433.7157093262056
840.1238056504694
1692.0694291474756
3681.639248805782
