2973.8513233140256
-8.001932449985816e-13
4358.339502867344
1680.0285152538945
4119.667265175027
1043.2342514198126
2468.093503300281
2220.086550775208
3212.8960126990846
2631.96925898342
1521.9073994958517
317.740768476928
-267.49926077045524
4246.642044830086
1863.986902373029
3033.665955627675
1252.077760720194
-346.5293896510755
4164.800621899929
872.4953346143155
901.3467141560582
4258.346417505344
4596.517759535896
-164.98850585438225
3799.098327286066
4457.474848101093
2351.248110149622
895.2796244319186
1338.641179424152
3634.6497710916474
3726.986276002187
3049.704761522608
2021.1850822898216
-58.272851701057924
737.7865674940921
-431.71713763596836
3035.0188395200976
-383.7127029342156
3427.804945787151
-107.67476077990574
