4420.696102717377
-200.56023826266025
2934.3404568624564
1319.8929428554359
-431.71713763596836
2413.111785913795
-80.76284414556434
4204.691098480621
4164.800621899929
1174.5713638197326
2779.0667414837417
4299.795150082011
1171.8910111369833
1148.9020225563013
3170.628341094746
659.2497979651928
1359.3471683743448
174.65519353395305
2407.2366956773017
2076.92673458813
2062.2433280355554
2634.3779613780343
73.7274903209728
828.6913573390832
3352.6694296548803
3781.4396341777724
3669.71590369391
4596.5177595358955
-134.7655446852522
3422.0084498693604
3562.9355730920506
-7.865066161926129e-13
371.7059469433941
2056.96833368547
4515.49460124134
2137.3774828818678
3903.321546870101
4236.90879565367
727.2666863098814
-336.41564920416334
