3161.813609791589
-164.91072534637777
520.409284855021
2048.2891866532636
2066.3528646385207
2413.542211756303
3116.338758644934
527.7741959645549
3942.5060622778947
-347.3834880843839
1341.179553455381
4164.800621899929
4406.014178878273
4198.123129438405
2531.407741284888
2898.4494982860583
-431.71713763596836
534.8871802370456
569.7423012519567
-238.0837564119143
1519.8008017698646
1477.374258506859
4596.5177595358955
-85.51018747849996
4241.903747604943
3607.5335716967834
503.446931369067
-89.73171824520627
2245.754173518725
4560.833009332504
3912.206936533587
1214.621984894331
1764.4885185920384
2626.3964145319965
4496.539414263744
551.2935190249606
3133.7611265102237
4319.701206960498
-7.954747971439247e-13
3413.7962092072353
