-7.677672658433735e-13
3942.0630121970125
4291.818521626914
512.6470390406834
1107.4147025397983
4372.652572302549
3075.6704898952353
4181.412085669968
1644.0752086005064
3247.3662711407014
3690.1222558358127
-381.1888965428364
-201.94268592937084
2192.6669401762947
2979.075231326974
164.75069855304235
4596.517759535896
3683.1554235379926
1004.5631508358049
2254.604086287446
2708.51165615323
4530.507208447105
3099.5458022932426
1529.066654962004
-431.71713763596836
4232.617987628621
1673.9378744750409
2697.0472958050786
3186.2365696527945
-282.17498091337904
774.179895366738
597.7815275411533
-43.26701127864879
2441.420832603814
449.5958209378384
4164.800621899929
2341.1076413962755
1598.0633147648023
4451.849799504651
386.729784624697
