2374.115505986559
2241.4460067459945
3245.355261485099
3830.9984576585543
-8.199861004399886e-13
2292.40365714535
1163.7026399939173
4164.800621899929
3366.0263088126476
4526.637007902821
-55.81133758264278
125.79902095730677
3875.2526801992817
-372.88967297852173
1535.4282652588467
225.58253348028987
4311.435843207597
4596.517759535896
4263.678169169286
3958.505993595525
-301.10738232393845
1343.5759751538965
-168.5806315295156
-431.71713763596836
1562.1502724336071
3237.8068967947765
409.31233756081986
963.216631858931
2807.825084299431
4202.60891039484
1534.6404710604145
3205.1582292375506
2539.789380214441
-233.84631153844137
941.8327638198305
4461.250199812601
2227.821135955083
663.2850124877614
427.2563632282016
419.35108831861754
