3131.0986481564555
1701.676000100635
4250.2079891939775
3913.3583234186226
1019.2202288714536
1456.3576170740907
1468.0707508231033
-7.895413640171074e-13
142.56396789385323
-431.71713763596836
3569.81660443123
583.8946097752321
2536.7408795811034
512.9384329080534
557.6721562248167
2102.422615439747
4364.557414732404
2414.0177846246693
4265.203272785497
-168.76742956346578
-290.5674581620986
4558.019457075476
4296.85023460294
3066.1915757920046
4596.5177595358955
594.4211117002717
4149.675684200845
4195.45529567289
3423.566963945579
1966.637771205032
3065.228295637585
606.482843374952
3249.9405854937213
1594.3046666439632
-75.40744801308054
4164.800621899929
3017.785359492161
3053.5007829537344
1702.27943362439
1959.5351513096625
