2528.8009257125755
455.7521410028722
4198.900606286461
4164.800621899929
4275.371553424528
3303.307721252009
1512.496377552673
2970.8942479616007
1555.6970726533687
852.6518557772106
169.396092054414
2582.2201091894312
3941.989984157053
4596.5177595358955
764.9722503456128
3114.7751409662214
-431.71713763596836
4466.450889716804
-353.359873124368
491.87351401664137
956.3691742373826
3637.698373465636
2566.183293444096
2280.6640821295996
4093.56159013474
-216.18012603014967
1192.7253373535327
-54.01301475555166
2476.905511456656
1588.410477814869
-128.32612247156595
472.86274703906986
3493.420965445688
1868.5658633040678
2206.411803182367
458.6121423522837
4539.71741969047
447.8800193786555
-8.210963234646137e-13
3374.192617021777
