3168.103626975849
4401.571626507008
955.204773553432
379.8728569102267
3188.3439058593694
-7.681879362862978e-13
41.440312661031975
-103.95461075291652
1967.9155044789618
4469.151537659693
1376.4902601781369
678.8490907113794
1451.3987593059042
4272.289886047571
2517.3167836973216
1441.217801206084
3675.003899305191
828.2881535014528
3621.2321765050115
2374.9466309331165
1015.2263855989453
3154.5653531476173
-345.62470822791516
4164.800621899929
2468.911234206667
4333.444230569506
1923.51586652499
3864.509010620129
4223.934168344904
2940.2748329724136
362.8480357286751
-178.6359802956016
4544.129417202159
3573.4029817751307
2599.314940024482
4596.517759535896
1581.3621623533895
-255.40854609560765
-431.71713763596836
3751.7651082989587
