694.2569543274635
2334.2590958448427
4210.893848991972
4561.993126438736
-379.72426590872305
605.7754531190144
-165.75546937962696
4596.517759535896
3711.4527983581975
2195.0725203193942
1719.5621459232382
1695.6381526583227
4308.430817454454
2847.1468399560254
575.0722700673208
4443.47931805104
2501.2691313039695
1098.5303231362811
-7.9445097087361e-13
721.0575317367757
2830.2078265929085
103.61670906010636
-35.71487186218856
2871.9825443370996
3731.916669342511
756.5515745872692
4510.818341178587
1242.7921531784045
1574.4035668860538
2236.2669930009456
4396.749950387152
77.31162540268275
-303.3261614869944
3715.4714429047085
1464.5273831666527
3620.199594382523
3051.8927026003375
-431.71713763596836
4164.800621899929
3750.792599582201
