412.59011355819666
2278.459679584566
2283.6094628782603
4161.85323185521
4298.407032189585
837.0335975756332
-8.166110899309863e-13
4596.517759535896
323.63677737300293
3413.9480491896447
2836.408853569847
-346.40904526561707
3796.2532255673955
-431.71713763596836
3649.660201301527
4547.753538434398
1767.301585471433
2505.8612914881046
1425.2355806215878
4465.232618292657
1645.7445709253789
-202.31029777359993
4238.426779006274
-391.55909264503435
2282.638277365188
4195.34321101899
3330.9273223780424
1135.8457935294755
686.7036438172942
3217.341811590397
731.180597698493
174.32742421874997
4164.800621899929
1307.6276743489368
3490.4692955142586
1262.8707444420545
2277.86990963064
-102.5982812903656
-278.9357198645849
4352.806317249386
