3792.8243881993394
4111.859748105331
-216.24230663746062
-8.033327550706112e-13
3674.4802133630014
-286.6202842852696
12.747631442638873
1454.9780886554493
-75.2027482275608
4482.482973644865
4164.800621899929
1569.411273271557
3278.339125854202
4596.5177595358955
723.1738998575712
-345.73888317650994
2689.124666458163
4535.233737085457
2667.4126506998823
3473.0804633831476
2938.4822942590527
2356.466480091012
1981.3546196732625
4383.635983619821
1456.64298304763
1426.9197370483598
1640.3793892271678
2449.1192870878644
-151.82806056358626
1289.9432413348113
1048.4455856554573
4323.371751212367
430.737391692559
-431.71713763596836
390.5175126016901
2812.3725260311676
479.01497949272795
4229.140334703352
4432.367621196409
513.2484007908731
