3426.161148701321
1274.1136143414165
4280.9747907323
3412.108533338712
1872.8352181624964
2472.399910774799
658.3280127283163
-305.3951221321539
4244.558907773047
-123.4527929200363
147.4158619501446
1645.0039269343054
-182.37666897914406
2575.9775605798777
-35.33117311294744
2367.247460958404
3698.3910905028606
4139.187631506394
4453.4502351984565
1547.7850968020216
4343.579713863671
4397.188647389634
4164.800621899929
493.92986941245744
4198.794741696043
4596.517759535896
3460.2253496099042
4514.0588465203555
-431.71713763596836
2787.862592271363
2219.803834497088
2643.6296010484534
1605.8134167169567
-371.1013518516776
926.6486450583129
965.8985381479636
3359.5407405250908
-78.45360940782639
-249.84114997177682
-8.15545208341488e-13
