3901.60328626934
3213.216744216511
1597.7754105945555
2013.408295726256
4396.852161135072
-65.5804448932752
2045.524557844763
714.1956638632118
434.0584192154001
844.9127670639763
3755.3709760592747
938.9771040972674
913.9512803353709
3868.427829774507
-431.71713763596836
2082.615061409551
-170.09185072331138
-8.144349853168628e-13
4164.800621899929
265.15749201077347
-30.5425891190613
3683.9338397034276
4292.047207678754
1425.5921469871757
-290.1560685313901
4210.60637177147
1409.1686625969749
3653.012924387056
1711.1630507239447
3055.3070320340803
-80.01946593315716
4596.517759535896
-360.70778003156886
563.6558985804105
328.4639392818742
4510.094052202868
3018.172485581099
2805.128978352982
2407.9048884436806
2688.3732749732862
