3252.9283915680307
3125.8743852913194
2180.5179272168875
2577.7604928756946
-374.8373575145272
1975.7297948318976
4164.800621899929
1529.8443551860476
4103.3519285991015
2486.6587454398123
2295.34580086894
4429.869136665628
1458.475013873184
-7.984231482141086e-13
4251.895282907818
8.286059253488187
3331.4111767981676
2988.833906338763
4292.881764897359
4534.803557423409
834.8905144718595
3486.8176201009455
4596.5177595358955
-431.71713763596836
485.837575170916
-246.55848939121188
1715.3175783670895
1370.6013595960892
-146.6055886693864
543.8329904438772
4197.947637233713
3133.4844252899657
-75.65367403943792
2827.7553551164624
3381.466666939711
1550.0059434341015
4474.94259690671
861.4802025481525
406.3955503379268
4358.421555241417
