4257.870426381276
3906.184379307877
3065.9343721106543
3774.0808954511285
1339.5456557897492
2444.5945020968784
2192.1896322814055
1923.9338040999282
4164.800621899929
4594.767289149956
1346.3659273584065
3006.070371633047
2318.6837517849463
-306.9376677977382
553.6239456473024
1274.4556820502617
1469.746865869329
4454.483299940598
2075.7310680105543
-104.61675391329328
3844.6222572838547
746.2874728836908
2658.924902844361
425.2285610987195
3139.2824130922368
3239.2382792991425
514.3866915195252
-380.2632827921432
1012.0391945004583
666.6668096958678
-431.71713763596836
-188.56295971539876
-30.54258911906128
1589.6407648149304
3902.366732356068
-7.882583474838611e-13
3305.554551986287
116.89280715257044
2793.007200240009
4359.932364254309
