3398.856933810558
1262.6058589611537
4261.020782528549
3317.3665192667545
1874.728000687712
2470.4052802398683
649.6957880294883
-306.22607463604305
4249.08303504838
-125.1705334906646
148.17665376256764
1641.8642214200604
-185.0789393566903
2566.658791608406
-37.67999497304173
2383.042914330565
3700.6223279956043
4103.087738563844
4448.10514216973
1557.3560089334692
4342.481736971985
4400.344223350729
4164.800621899929
489.7460359830637
4119.9834416426
4596.5177595358955
3456.6462598049948
4513.737897392099
-431.71713763596836
2769.2391995330177
2222.130449953931
2630.181651867126
1615.436495609947
-369.223918292756
926.0699450775348
946.0630394205454
3348.809742862093
-73.38217298625236
-254.33592993008023
-8.15545208341488e-13
