1624.897427678467
3542.0946298342546
1625.6716200398023
363.73606037232145
2444.3394366353723
3542.0946298342546
-5.038541436463724
-5.0385414364637136
-5.038541436463687
3542.0946298342546
3542.0946298342546
2841.174657368724
2106.8153937373695
3542.0946298342546
1590.461762582943
395.6246965055962
360.9789860605206
2373.2295596682247
3089.6476159863
1073.6443247311763
3542.0946298342546
1657.2108935801807
2937.1573656450278
3212.1426287143986
810.458180148281
3291.1464474341738
392.4990856204006
2336.072103926302
1084.5483775121404
-5.038541436463698
-0.05722486476333111
3542.0946298342546
3542.0946298342546
-5.0385414364636905
968.7792310774818
701.9956089277554
-5.038541436463726
837.943437164742
2286.791127410834
1997.3766183750947
