3061.9903562262566
992.3345380634743
-5.038541436463699
3542.0946298342546
3542.0946298342546
2227.3440515673615
3121.301751826845
1175.7763458908453
422.6591111865619
375.497207959907
-0.040584316825573244
24.602698312184135
2202.960306401831
2113.704542316662
2576.326863688248
-5.038541436463677
548.3499399211452
2685.165588412078
927.2738718129651
3542.0946298342546
-5.038541436463708
3107.139681690815
2185.0036689967983
-5.038541436463708
1427.2820529527735
2629.1856936471095
1900.7027752808742
-5.038541436463708
3542.0946298342546
1407.0086932042714
1564.7581952116807
3158.190161243458
425.4747027403485
3168.637039355618
-5.038541436463699
859.3566509092027
3542.0946298342546
3542.0946298342546
410.4303201249086
1405.4789267348553
