3204.2264771837927
1596.7044397764062
2823.037127725877
-5.038541392787128
3542.0946298342546
-5.038541436463713
3542.0946298342546
849.0874961060458
765.4411896289071
1041.4451654426052
-5.038541436463682
3542.0946298342546
1517.5257346332378
2658.515107258186
1541.6872388447766
3542.0946298342546
678.7895569821503
-3.913154564874815
271.5940787110207
3542.0946298342546
1090.9580524741764
1577.2903411795983
2834.730287109617
3542.0946298342546
6.538127193462268
2155.6828301446862
-5.038541436463704
3506.076041309587
3056.233528098892
2116.64562741644
1927.1559846149237
1462.6947404961393
425.40169519036715
-5.038541436463699
2986.902110424502
-5.038541436463699
2907.7795341479346
2093.483956518398
3542.0946298342546
1581.7580764673794
