1203.8088186363727
313.5249518469642
3542.0946298342546
-5.038541436463726
2414.720048011122
635.2283088179685
3542.0946298342546
3542.0946298342546
2565.776122442774
495.5643968253398
279.4770097835549
960.6046606352203
2588.283066238125
-5.0385414364637136
3210.128210748613
3542.0946298342546
1626.8999365863542
2065.255240617563
2231.394840906972
1900.657892571712
2566.3572406192357
3542.0946298342546
-5.038541436463704
562.8623809637669
1776.1430094994225
3047.9800699916404
3542.0946298342546
1443.321737360692
3542.0946298342546
3542.0946298342546
1461.1871748643532
2719.922529484568
913.234911374127
3542.0946298342546
-5.038541436463717
2885.2705468953163
-5.03854143646371
885.4909603878116
2783.993183538004
-5.038541436463713
