2337.147548952767
1349.9234306029664
2481.0281390853315
-5.038541436463717
3542.0946298342546
1677.7110547909613
3541.3489088324013
3542.0946298342546
696.1386372820219
2849.18100723216
-5.038541436463695
3542.0946298342546
1560.2029356491657
3268.3057029297156
399.1593996958908
-5.0385414364636905
3542.0946298342546
1662.6253466104479
390.4571487307014
1951.1376588735352
3202.789655419458
2094.8639961399244
-5.038541436463699
697.5419123937577
2857.7544050529564
3542.0946298342546
2995.6512632354134
3536.512934963544
2442.039989197507
288.159365526626
2287.878927906442
3542.0946298342546
1127.470222337292
3534.032334574685
816.4171618639774
-5.038541436463681
539.9392577532885
2269.3793363753807
-5.038541436463699
1246.6746717060626
