955.9445305160809
3066.1919837329106
-5.0385414364637064
1185.1651082540784
789.9483083216795
1101.8722017579719
3542.0946298342546
-5.038541436463703
-5.038541436463686
2886.363051125917
527.5768772456366
1898.3356710493267
-5.038541436463713
646.3959619365364
1230.1212069425555
2412.897596246652
3542.0946298342546
-5.038541436463704
-5.038541436463694
2699.0400614711803
3075.6299401005854
-5.038541436463717
1305.1576672191195
3542.0946298342546
3542.0696356528524
2532.8312128903253
2144.2931242702293
1870.7139747053534
3286.839640999362
2829.232654348696
-5.038541435680614
3542.0946298342546
3542.0946298342546
1350.0737023870088
-5.03854143646368
1868.88975580426
1899.9367188258161
2532.956284298568
-5.038541436463698
-5.038541436463708
