-5.038541436463716
1685.9513635211842
2498.4728548593675
287.54591330766755
623.2265822297613
1834.3131133910995
1765.6004985515551
-5.0385414364637
2000.3288377956358
2292.3104962371845
3542.0946298342546
3126.9376104746407
1654.1904710554752
3146.9916986996104
1322.0447592301302
959.2450790379575
-5.038541436463708
-5.038541436463682
3542.0946298342546
-5.038541436463682
-5.03854143646368
537.3263429021189
3542.0946298342546
-5.038541436463692
3542.0946298342546
2984.884348857895
3542.0946298342546
2768.637116987533
-5.038541436463716
2313.4059854160114
2678.9552806756324
-5.038541436463701
350.45777211884564
3542.0946298342546
1729.2660165685936
3542.0946298342546
1082.288384783089
836.575810905092
1183.6020639767933
3542.0946298342546
