645.7823971674989
-5.038541436463705
1236.6626393839053
2655.46335950139
-5.0385414364637064
3037.8238909234788
1548.38066709451
794.9490201147648
2835.87009751762
1878.9729086624993
1297.8588283302165
1349.9951802335738
-5.038541436463689
-5.038541436463704
-5.038541436463689
3542.0946298342546
921.9274930744277
3542.0946298342546
-5.03854143646369
-1.0547937347175464
278.1537873753811
2499.7963548490206
3542.0946298342546
3542.0946298342546
3140.270564739703
2290.247581879773
3232.002096645113
705.7674752691423
2123.562529725389
-5.038541436463712
1693.6650923469379
1626.626101080718
509.1266147325826
1716.8101881727844
242.86911325011175
3542.0946298342546
3542.0946298342546
2142.8824968648487
3222.904219754638
2406.025537989346
