3263.422132193922
1924.2260116206328
-5.038541436463713
2015.976345056674
2777.4927760118976
3542.0946298342546
679.0721511194296
-5.038541436463717
276.80378043571454
3542.0946298342546
3187.1684348665804
1247.1044556415459
1129.3352530236305
509.43101875864136
252.1537124271431
-5.038541436463699
1610.3310612762514
3542.0946298342546
555.4828584791265
2754.560963220076
-5.0385414364637064
1752.7529450749716
3542.0946298342546
3542.0946298342546
3542.0946298342546
2715.196246723656
1665.7616310727672
1846.7870371124118
1607.1110664036505
-5.038541436463717
-5.038541436463699
2278.7425664932694
1425.7936279635778
961.8800331451912
2722.8173974600886
2954.2553163856664
3542.0946298342546
662.8879593732331
3542.0946298342546
2095.423268548221
