320.64496683829105
1637.9720107071353
466.7322817813797
2769.4462453335327
3229.695505179143
1359.544728913504
1837.687548139082
3527.9150967381293
3171.7961140985744
-5.038541436463708
-5.03854143646369
1565.7788928663992
1950.9719401104626
3542.0946298342546
3278.254786034082
556.1681032795823
-5.038541436463712
3542.0946298342546
2351.6757958724393
3542.0946298342546
840.7332421275073
3542.0946298342546
-1.7768717070258722
3542.0946298342546
-5.038541436463682
1781.7313384968068
-5.0385414364637215
3542.0946298342546
188.05609835753648
3273.1088118813022
1049.0327042562494
-5.038541436463715
1068.3854122874684
2618.9361707111475
674.1996969006241
2979.273460926263
1492.0370462775165
1934.046320759586
2674.023503556453
1522.699726026872
