-5.038541436463699
2243.1037627930273
1957.087570625626
1329.4350032718921
995.2823080752256
1757.2411912734888
3542.0946298342546
2765.4390142956977
842.3057979789189
-4.8284467358920775
2332.471394912887
539.2563935824122
3542.0946298342546
544.436266547835
2139.368923434324
250.80047393821775
3542.0946298342546
2312.6275368765587
826.1122803055257
3542.0946298342546
2620.9290780456004
2385.3841204603127
-5.038541436463682
3542.0946298342546
1492.1732373414566
3090.53132597634
966.0082099046319
3542.0946298342546
3542.0946298342546
-5.038541436463717
2450.4071812503034
2512.6347450945204
366.34566974448035
3531.237445045781
-5.038541436463699
-5.038541436463708
-5.0385414364637064
707.6996879984938
3289.637702354758
2813.6528186731193
