3226.0832101741134
3542.0946298342546
2973.3292161975314
3542.0946298342546
818.0729144499851
2745.395432114817
-5.038541436463715
2107.0315661714703
1764.7077908112128
751.9803663082164
1186.4558922998592
3542.0946298342546
1424.1755991385085
-5.038541436463717
728.4528677600381
1117.4047154801615
2868.254929695825
702.3158100457217
1581.518318544205
-5.0385414364637
3521.4830430124903
1694.7965709567966
2958.40616914887
748.640092706757
322.88800669382846
-1.579347034104881
-5.038541436463717
2181.9216177940343
3542.0946298342546
-5.03854143646371
2532.6320073717266
1231.4831307939799
3108.3938728525154
-5.038541436463704
2792.8056069672366
3211.7881688705293
511.76184328918964
3542.0946298342546
224.20720756913818
-5.038541436463712
