2945.2592061853825
3542.0946298342546
1405.1286925493744
3542.0946298342546
3542.0946298342546
808.3282175640218
3542.0946298342546
3031.4905253247302
273.9830636239337
3542.0946298342546
859.1936061439471
3537.3583868345627
1819.87612391842
3542.0946298342546
-5.038541436463728
385.9794038802959
3261.219074667319
3127.3141320566783
-5.038541436463727
2859.1293978782387
1137.046672463888
-5.038541436463717
633.5742907483817
245.90964096361716
2512.4645259632207
2144.4401256770966
-5.038541436463709
505.06115072166233
2082.6310361060905
3229.09974344849
-5.038541436463699
1646.8367340454301
1517.9748857420086
973.8915415585251
1240.2107511690308
2484.1543859884355
2051.0018489613985
3542.0946298342546
1541.937934452361
2350.975094469873
