3542.0946298342546
2047.9170561171804
3542.0946298342546
1618.1354218610395
3213.069031997827
750.2424982854064
769.3575554125185
1080.604995833916
-5.038541436463699
-5.0385414364636825
2558.4529112467494
2628.98789745361
-5.038541436463682
651.4936933504118
-5.03039953412156
-5.038541436463696
3542.0946298342546
1548.6518850333787
2354.8973294515636
2055.4899021739825
3288.962633160989
2908.9310440386234
1286.5091326070617
1370.828998449982
1678.6948201522546
2376.657579741901
3038.220718757355
3531.035207905677
2224.220200996223
-5.038541436463726
-5.0385414364636905
-5.038541436463704
3542.0946298342546
3542.0946298342546
1878.693478432011
-5.0385414364636905
3542.0946298342546
396.4899027363725
-5.038541436463701
825.5010744554737
