1211.6609003587096
1749.622225641019
-5.038541436463713
-5.038541436463704
3542.0946298342546
3272.1676160798224
3542.0946298342546
2431.4670697100146
-5.038541436463699
2495.577504097533
2656.975976223514
2971.4337531113733
3542.0946298342546
3542.0946298342546
-5.038541436463717
1181.3875958564372
-5.038541436463699
3105.7612236670975
1250.8954569187808
648.9135435826363
2756.493296993915
838.823986327272
-5.038541436463685
2641.046353871753
-5.038541436463699
1307.7084753805652
1322.6889141116706
490.9093366130265
2932.391090280528
357.3006665043888
-5.038541436463692
-5.038541436463695
1172.371811205347
2033.183298902917
3535.7477899199916
3542.0946298342546
3542.0946298342546
2245.6391707790294
1912.7099503824081
1263.8110092474826
