554.1030724634442
-5.0385414364637215
651.995731181704
3542.0946298342546
325.3771808745494
-5.038541436463699
1774.8301862793844
-5.038541436463708
2728.2699715712165
2532.5249562798367
3542.0946298342546
623.7689843255508
2371.77954190093
2884.1949609396693
2592.52620719053
1271.0302826010998
1308.9776569069404
3542.0946298342546
-5.038541436463708
-5.038541436463715
4.837501655154733
3542.0860742917494
2187.191248412069
3542.0946298342546
3287.9865104186506
1346.4857056807423
-5.038541436463692
1666.8041954069836
756.0633733631303
2629.78959331448
-5.038541436463704
988.8194806868058
1220.925909715768
1899.2762843038631
3542.0946298342546
1956.1314441496638
2674.170137816027
3542.0946298342546
3058.4024176351586
1986.6794945439933
