2207.6948096107053
3542.0946298342546
669.2387179304046
2401.5709511827736
542.5854266991417
-5.038541436463712
3542.0946298342546
1460.0257545240543
2829.9440548425937
3265.326558330121
1042.5814611578674
2123.1101642944063
-5.0385414364636905
392.92340005439945
-5.038541436463704
-5.038541436463717
1238.7068011692802
-5.038541436463695
-5.038541436463698
2761.3063962221204
1555.395123033571
1353.9698620071654
3542.0946298342546
-5.038541436463686
-5.038541436463708
1223.9879813956709
2086.5496475981467
834.1401848220618
2732.246521714713
3542.0946298342546
3542.0946298342546
-5.038541436463692
2865.6218443827092
-5.038541436463699
3542.094593575901
1856.0525956222523
3542.0946298342546
1044.962916439658
2028.8861050480193
2751.4016082537064
