-5.038541436463726
1465.7094993754613
1189.6644002766861
-5.038541436463712
-5.0385414364636745
2458.4983640725095
1951.121799226949
1665.4656045015254
3542.0946298342546
601.4872930989387
-5.038541436463698
3542.0946298342546
245.9096409636172
3542.0946298342546
3542.0946298342546
2788.448806936017
2314.7417207908065
3542.0946298342546
3542.0946298342546
-5.038541436463699
1550.6472008534488
3542.0946298342546
2877.9698704540233
3542.0946298342546
-5.038541436463686
1798.3414897205298
371.3625376223643
1321.2180750904067
-5.038541436463722
3542.0946298342546
-5.038541436463701
2973.372007668491
772.8732481627683
927.4361413478033
3243.826680714509
2995.6875049485366
1101.375169880138
1727.2048522109492
643.4531698513365
2151.812515087825
