-5.038541436463717
1283.304336487267
3542.0946298342546
3542.0946298342546
1717.5882976510602
3542.0946298342546
3542.0946298342546
2540.6057609220998
1557.623965158509
-5.038541436463695
1907.665672888178
-5.038541436463699
799.7524140109347
-5.038541436463716
3542.0946298342546
3220.8548427327078
2760.3195709031206
2941.2083029924815
1039.7600636824807
420.54841384341535
3542.0946298342546
606.5065081584579
2945.235248553644
2494.102185527009
291.73403172283093
-5.038541436463717
2064.778186903506
1447.7222611225052
2566.30063429388
2043.1455732623594
-4.7329334268570635
-5.038541436463717
1148.1086834262342
3542.0946298342546
3197.9710946577093
2778.0065807455203
907.4106072274355
2020.763934452639
3542.0946298342546
439.885255182163
