-5.038541436463699
-5.0385414364636985
-5.038541436463683
505.4672407992198
3542.0946298342546
-5.0385414364636745
2026.5287398624268
1664.308676303021
1088.1954288395268
2552.8656029713743
3542.0946298342546
3542.0946298342546
320.00143147270785
2213.0749271774043
-5.038541436463708
1714.346636832788
2372.019968054888
3542.0946298342546
3542.0946298342546
3542.0946298342546
1323.8560439221112
-5.038541436463699
826.5608181608152
3542.0946298342546
3542.0946298342546
2176.035418427494
-5.038541436463696
923.0037645122084
760.5800245667722
1899.1540985267602
2608.6865066707796
2883.738200460445
-5.038541436463699
2148.996268847971
2907.083109668649
1485.5871993525138
3108.930873055665
708.4560559084357
627.4311312056543
3542.0946298342546
