-5.038541436463715
682.6798251359694
1753.0894349973605
3542.0946298342546
1100.628769511107
3274.66387934956
1518.3477447007115
3542.0946298342546
1119.1872923736253
2790.888367519824
3542.0946298342546
369.10640037958774
2914.715344701662
3542.0946298342546
-5.038541436463717
1127.7130230588089
2340.993666484365
3542.0946298342546
2310.4977392476753
427.5717005753562
2088.8409675696385
3542.0946298342546
996.9254894047731
3542.0946298342546
3542.0946298342546
1504.341674223814
-5.038541436463695
2518.812723698116
2519.7358120794092
1964.1265744668428
805.021139159868
-5.0385414364636905
1298.458031671926
3542.0946298342546
1756.020063264198
-5.038541436463713
808.2815976818285
-5.038541436463689
-5.038541436463717
2556.64152747201
