3068.6526955805284
1897.3245580917967
579.416176456981
361.09358574615163
3355.371353429286
2417.4646668446994
1970.8965711264855
-5.038541436463705
-5.038541436463699
3542.0946298342546
3542.0946298342546
2878.0606023683554
2431.311240263038
-5.038541436463708
1570.670803105149
1712.0893943123585
1397.9504841713378
850.9081458471603
-5.038541436463699
-5.038541436463726
2469.2034836456596
3082.5487450332844
3542.0946298342546
969.4892577284577
1002.3613161714746
991.8224400459887
1105.5167814651936
-5.0385414364637215
3542.0946298342546
2692.605077811373
3542.0946298342546
923.9604564699198
350.0810027115057
1582.569487887404
1431.886580086045
2081.3442861203744
2853.6301821384823
3542.0946298342546
-5.038541436463699
3266.25775403254
