291.5031837727057
1422.801588956458
3542.0946298342546
3542.0946298342546
1507.509328043775
756.9162530328698
989.7233600682476
497.3208892908367
2199.5838364106103
1782.0149225616656
3542.0946298342546
3240.8226845623176
2024.3021478995179
245.9096409636172
2175.5179827233715
905.2785094942685
2473.9178496981544
419.39023818167993
2621.0312219219386
-5.03854143646371
-5.038541436463699
4.759783646920058
2513.8968117561117
2405.9529647371864
-5.038541436463708
-5.038541436463721
1468.1195108385682
-5.0385414364636745
3145.48957317993
3542.0946298342546
-5.038541436463678
3542.0946298342546
1037.1932770369076
3542.0946298342546
2493.812940447706
3542.0946298342546
3019.889678013942
3542.0946298342546
2820.810522510069
1455.5988341028685
