3048.3071912424803
-5.038541436463691
1771.6809631587228
-5.038541436463695
3542.0946298342546
2349.9300926894425
3542.0946298342546
260.60667248499897
612.8525255464518
931.9096045829585
3542.0946298342546
2913.698391358829
292.8656396856253
-5.038541436463699
3542.0946298342546
2835.6683802970833
-5.03854143646368
498.49159427510784
3279.63796502033
1439.5176795366228
3542.0946298342546
2954.3666854123194
913.9441323576698
1742.1834355718402
1592.599451711456
796.2597845614675
3542.0946298342546
1518.364543914672
1242.4318575934522
-5.038541436463705
2876.2113633946
2239.2209105512065
699.9403910188255
3542.0946298342546
8.477580750616484
1902.2756115062207
1680.1136487805088
3013.4579146814494
1343.6741920006993
2845.7223710676885
