3542.0946298342546
3542.0946298342546
3542.0946298342546
3542.0946298342546
-5.0385414364636985
1739.791476612496
-5.038541436463698
2220.522176994414
2062.5197678712825
2518.6666641185775
2107.834502568984
879.910920607537
1532.3644055582422
2873.661084193146
-5.0385414364637064
901.773679153657
3542.0946298342546
3542.0946298342546
2355.673132207736
3234.5235952481385
-5.038541436463699
2668.109697631453
-5.038541436463699
2812.358000272862
3178.5849865246514
3542.0946298342546
1239.857643231521
3058.251322024448
-5.0385414364637215
2443.731789736815
1380.61748828372
-5.038541436463692
866.2263286095235
1332.1413018013304
939.209075557619
1419.3257048173007
-5.038541436463699
-5.038541436463696
554.108104858367
245.90964096361716
