-5.038541436463701
-5.038541436463726
1951.9141047585777
737.3854965471345
536.4173284180306
2878.299713628615
481.46041150881445
2345.1610472115
1437.9912642031154
1199.1216226592069
1806.8756516216372
-3.257975407675083
2192.825333889627
-5.038541436463682
-5.038541436463708
2993.716379722814
3288.0759934310145
2842.163447306446
3542.0946298342546
998.2066273646831
393.11280438976166
2773.4909175936755
-5.038541436463699
1350.5625014110694
-0.093562305477448
1137.3847732393726
3542.0946298342546
-5.038541436463673
3542.0946298342546
3542.0946298342546
1670.6021651491599
309.1008708117529
931.0121754569992
473.75080286715297
2258.0225122336556
3542.0946298342546
3542.0946298342546
3236.000289134936
2402.759385069061
879.6534996589648
