3185.389342200969
-5.038541436463707
-5.038541436463699
2705.613028012412
3290.976332463517
3235.6827534691747
1456.5648516537644
1982.4049070716928
-5.038541436463673
3542.0946298342546
1719.9111274152779
931.1689926024685
2950.3280699571496
-5.038541436463677
2537.747896968164
3542.0946298342546
523.6683839040767
1433.754314994386
2262.6494504773577
624.5897603207281
2409.2582248421645
1415.9653522296821
2118.637695100366
3542.0946298342546
1528.205994344034
641.5205533438711
3388.6206906959437
3542.0946298342546
3542.0946298342546
653.919444748094
644.2081026715448
2338.692559555475
659.7483895459907
-5.038541436463698
1358.0788893537294
-5.038541436463699
2958.8342506006975
-5.038541436463715
3542.0946298342546
-5.038541436463673
