2491.2182028112506
2011.1931812511696
2553.036163839893
3542.0946298342546
1851.7524639952387
835.6370137866867
2214.384050466176
2504.1904736337538
2886.7737337182725
1009.2911172159145
3542.0946298342546
-5.0385414364636985
1493.4294965575928
1656.2377768252973
285.2542572583086
-5.038541436463678
1072.0217866203056
-5.038541436463701
1170.4523461567685
3542.0946298342546
2073.185494313723
1632.7164700176859
3542.0946298342546
1722.0138338317665
3262.7875107857953
-5.038541436463692
352.1470510614623
672.4716153898573
3542.0946298342546
3542.0946298342546
3542.0946298342546
2403.559197829213
672.6731041815406
3044.0549512718526
-5.038541436463698
3542.0946298342546
-5.038541436463699
639.5626941324388
2047.740357882069
-5.038541436463713
