3542.0946298342546
1206.5415903167561
2782.370149503888
455.08013136546646
1078.9743935142453
528.7194885627669
2570.8246923061015
-5.038541436463687
3037.6051631699606
1317.0677591895128
384.3839528229939
3542.0946298342546
1504.6524693751762
1712.494018530035
3542.0946298342546
-4.939368526081588
487.5187775692772
562.4691343510749
3542.0946298342546
2063.8178515666605
317.6555074670551
3542.0946298342546
3542.0946298342546
-5.038541436463691
2240.911834579015
1450.3119566737087
2329.4804757477195
880.0913173664878
2438.6793458530497
3131.528960445319
-5.038541436463692
3542.0946298342546
-5.038541436463699
2163.453065809942
515.0951091134745
2816.7077408358764
3542.0946298342546
2415.403803766749
299.04059550506827
3125.452733745688
