3059.0722519843525
1552.079278194186
3542.0946298342546
3542.0946298342546
3542.0946298342546
1699.3122584270059
-5.038541436463699
1520.8526619369698
2188.570099807562
814.4770988769137
-5.038541436463717
1147.4821130578014
-5.038541436463699
831.4886608946863
3065.380880470603
3042.1822225769347
2358.406207665643
1840.7502678610358
342.8471518739465
2604.435015129661
867.7048658515629
3542.0946298342546
3542.094617548774
3542.0946298342546
3542.0946298342546
396.3018572766771
1969.370927065302
3542.0946298342546
-5.038541436463717
921.7658629816942
1648.5175782151985
3141.5739778046864
2919.2393161153213
-5.038541436463686
2273.9455583338954
-5.038541436463698
281.1216525982208
2704.834737993474
2095.753945144833
962.7572889792447
