509.4516217007845
2784.5503329509
916.5690207334651
-5.0385414364637064
1635.4811542314576
614.5315150583535
1874.01419556081
2750.5930634910096
1957.5256639695408
-5.038541436463704
1962.8792365894228
3542.0946298342546
3284.415679111208
-5.038541436463716
3542.0946298342546
3542.0946298342546
1392.4932988960581
-5.038541436463704
3542.0946298342546
1412.5819519220413
245.90964096361702
3177.044999621552
2496.593893359871
-5.0385414364636905
2378.9812849922273
3165.7391863279136
1419.0752104903354
1366.1820858981926
3098.7516955384217
1147.409489500455
3542.0946298342546
-5.0385414364637
2958.6578702734623
717.0681257015333
3537.819483868129
705.047698697163
3542.0946298342546
2476.6271223308795
849.9744454227202
-5.038541436463687
