3542.0946298342546
-5.0385414364637
663.6577200424638
1286.0401202850244
3542.0946298342546
3029.4967393756865
2270.142444949859
-5.038541436463728
1286.0910606316909
1209.0761469230447
2940.4577640068396
237.25606967036595
-5.038541436463699
295.9294893997535
-5.038541436463701
3542.0946298342546
2500.184019548947
2099.4714885596927
510.61231322432593
1665.1660909892394
-5.038541436463699
2991.063405910295
-5.038541436463699
3542.0946298342546
867.0920527358056
1393.4865240964937
448.185891471679
3542.0946298342546
2194.4237711020637
2880.6378487780676
2324.773041252047
1046.1533590878505
828.9892775012565
3542.0946298342546
3542.0946298342546
2528.338593908823
3276.7741400923546
3043.2367092649083
1289.5000535902063
1749.5315440511329
