3402.726806550989
2593.062444875938
250.2586083693541
2333.270039258562
433.9452014421379
3028.2441029311813
1072.3053929413193
-5.038541436463699
2623.908347862923
3295.9777627560934
1477.7112825956492
724.30911336237
1642.8321671449858
3542.0946298342546
1306.6117726057028
608.3164876931454
-5.038541436463698
3542.0946298342546
689.7247414417234
-5.0385414364637064
2193.241435250009
1182.336772966559
3542.0946298342546
3280.1584354120764
1753.9433303609396
3542.0946298342546
1054.9819109582666
2050.345471513107
1625.319981175071
2546.4831471182542
3542.0946298342546
-5.038541436463727
1904.6671368946377
1719.7248348997791
1849.319921968436
-5.038541436463721
-5.038541436463704
2944.58479020308
3542.0946298342546
-5.0385414364637215
