761.2166993207165
1742.372125496242
1254.7234985305295
1150.4128636807018
3542.0946298342546
2976.7214385924494
3542.0946298342546
3291.1464474341738
2472.6034158795565
377.8576312158736
-5.038541436463686
3542.0946298342546
3542.0946298342546
2750.11002317129
2041.5699053875458
-5.038541436463721
-5.038541436463717
-5.03854143646371
3067.5613396835156
2343.9880683058436
1386.9571058790339
-5.038541436463719
1072.7951253073431
1712.1793527753446
319.0271800926316
1559.577675560628
694.9114426619235
-5.038541436463695
496.7413859327995
3542.0946298342546
2067.8609078015147
3032.897990729777
3079.219210029836
-5.038541436463673
3542.0946298342546
1305.2340627904343
1101.169272445145
2621.19871916165
-5.0385414364636985
2110.608109654455
