2204.8284401340215
247.78192330557178
864.57467240882
-5.038541436463691
-5.038541436463699
1139.8628076977225
2968.2307867333457
3542.0946298342546
3542.0946298342546
569.1252119608466
453.5261751657987
3076.9076123448826
466.5339182559645
3058.7483989877546
3542.0946298342546
3542.0946298342546
2337.290344266053
-5.038541436463699
2729.6834530772
2054.1048212284572
2468.960961581528
3267.3153395165946
1380.0766138398953
3542.0946298342546
1928.3636955197753
1681.7582735935923
-5.0385414364636985
2329.34699187329
2834.5984494303952
3231.449018210756
157.64331719812355
-5.038541436463708
3542.0946298342546
1916.3213869172412
287.2965574075796
1106.3652140844285
-5.038541436463699
1262.6407891453616
380.67184710256174
2115.9283845620193
