1286.8531248669883
-5.038541436463698
3529.387365813289
2021.4610498495165
3074.7512300605877
1564.8553443818423
3542.0946298342546
1236.4787311444197
-5.038541436463698
2919.825134948628
-5.038541436463708
1364.202581041659
740.062018235729
-5.038541436463682
2826.4944594744243
3136.8594296881924
2230.8371268111573
865.7247737993923
2489.736890625065
502.0260950299533
691.8884384594849
3542.0946298342546
-5.038541436463725
3542.0946298342546
1691.504809553886
2020.7689147304122
2662.844096651504
-5.038541436463682
1199.522272411393
-4.967767432794833
3269.747605894165
290.10771049841105
616.5574836443635
3542.0946298342546
2711.803444182513
3427.7521118485593
993.8638753776027
3293.0743903880766
3205.9333205370085
1951.2399348623896
