2652.5064628981972
-5.038541436463726
3163.3771768176916
278.62745328286235
3114.9037126906164
1363.2521805954962
1356.8641316323
-5.038541436463695
3230.618654886286
3542.0946298342546
-5.038541436463725
2160.890775852894
2361.9806463186032
3542.0946298342546
-5.038541436463717
1252.376754243202
2270.8121362652178
-5.038273051939055
-5.038541436463671
3251.519264158933
903.9942338345322
3187.0980560427906
288.40685520394743
2646.1573690841105
1314.8879056080623
3542.0946298342546
699.0966969245158
586.8989256936552
3532.567353833896
1382.2536621238125
1636.3209521055717
1967.8683972293056
2487.1911972680173
2465.0132424340536
1387.2650222047682
3542.0946298342546
-5.038541436463726
3542.0946298342546
3542.0946298342546
-5.038541436463699
