-5.038541436463687
442.85855792237487
2840.358981213615
1668.5875245254817
2920.6026380661287
2095.5370718803015
-5.038541436463699
-5.0385414364637064
2562.557581258943
3542.0946298342546
3542.0946298342546
-5.038541436463695
3541.9840067644527
3542.0946298342546
2734.1006845056113
1650.283814680048
1889.0577917312103
348.800689371445
978.1712910159836
1381.6114092992116
2382.361400531291
311.27645695055116
2457.1064730164862
2499.246601911039
-5.038541436463704
1705.8656665396898
263.08587385231385
3290.225522228338
711.688478065596
3542.0946298342546
2009.6260282324627
501.76129568174224
280.2824554155212
213.99157460710722
614.5344078162761
3542.0946298342546
3542.0946298342546
2817.467990306349
3185.3870865709323
1198.6877451531789
