2931.1712321156174
-5.038541436463699
1675.4545857878722
1564.25450182149
-5.0385414364636905
769.3653963208488
2508.31368993667
2675.9338023451082
3542.0946298342546
2861.998950375365
635.1304029001641
3542.0946298342546
238.08043778506607
3264.864019279741
1566.5368848544217
483.4284020105972
2628.4437609445667
-5.038541436463717
677.20528791112
3203.8366360627265
2320.873580814812
1421.9714604006763
2230.0622127490697
2090.792320911793
-5.038541436463682
1337.764253377768
3204.49389942916
-5.038541436463726
1748.9520955797434
2815.5416677902967
706.8562985879905
3542.0946298342546
3063.9881425593535
3284.523661561586
1973.2530237805363
745.0379060621116
3542.0946298342546
3542.0946298342546
-5.0385414364636905
695.9110186749976
