1439.5713124689241
1642.8318161663342
17.702201461486236
3210.304041275395
3542.0946298342546
2910.1037834682525
658.5361432369485
-5.0385414364636905
3542.0946298342546
1329.1068842635561
2191.1745167643053
2432.934193265078
449.8419230822266
3542.0946298342546
3542.0946298342546
2055.444990247486
-5.038541436463701
3542.0946298342546
1069.4661102116017
-5.0385414364637064
3534.447222219746
3542.0946298342546
2865.1727594194
-5.038541436463716
-1.9150370347168773
-5.0385414364637064
3542.0946298342546
-5.038541436463699
1102.2404897251558
872.0134303575743
2600.6538971771342
-5.038541436463699
-5.038541436463705
1815.7409946565056
660.674971817849
256.9792963416038
1730.2792303446336
2949.629627304469
3033.379677679287
2759.065554965848
