3121.6134557364985
3542.0946298342546
1231.7383799469396
1576.5664523579787
3542.0946298342546
3542.0946298342546
667.2672161126383
-5.038541436463707
2375.529687171625
2776.7223154571684
2357.6589141395766
-5.0385414364637
1572.498581278401
2880.2649041967634
3242.4908231980808
2537.82415281866
1571.0573563152916
3527.094907821217
1212.1869974489903
1879.020735304719
-5.03854143646371
-5.0385414364636825
3291.1464474341738
351.3211503171608
3542.0946298342546
-5.038541436463698
2929.277781142826
2314.7634383608097
1444.3631367065313
640.692889969624
837.1752057924036
-5.038541436463682
3531.28898489125
2194.3547899084183
-5.038541436463708
303.1069413154209
1305.2566321412464
3542.0946298342546
316.56540058310736
538.9073917851651
