2164.127604037306
670.0804657299127
2927.3419546107466
3193.216461290895
-5.038541436463724
2554.3835624475505
3542.0946298342546
-5.038541436463701
1378.395601837953
2142.552143266227
-5.038541436463708
2250.0633439980716
2785.9467415813488
3542.0946298342546
1986.9530941224407
1507.911945593689
-5.038541436463717
3542.0946298342546
2621.1731491547403
3018.8087628334692
790.8464655392818
3542.0946298342546
1159.6451812861364
1657.7241991832386
-5.038541436463683
1980.2714509644811
3542.0946298342546
3542.0946298342546
1292.0011920272884
2443.990728679407
2728.4506975079535
919.8684638704883
2334.4642244110396
-5.0385414364636905
-5.038541436463717
644.8235824960202
3542.0946298342546
1098.2644392192033
266.17007519833356
3542.0946298342546
