2473.1158534632027
2030.2257815345613
2493.053968325996
3542.0946298342546
1876.3347451571576
856.5468151773669
2227.1251879116285
2511.017858820351
2849.601982748968
1099.6346201927918
3542.0946298342546
-5.0385414364636985
1515.632258640249
1669.4536538676866
304.55296747159497
-5.038541436463678
1078.1151401291568
-5.038541436463701
1214.3694278124651
3542.0946298342546
2045.886292383379
1606.789196832854
3542.0946298342546
1744.0310508016273
3293.2989877012096
-5.038541436463692
342.7695753479716
675.1086413494028
3542.0946298342546
3542.0946298342546
3542.0946298342546
2405.928810013167
698.2366799008091
3028.6293258492105
-5.038541436463698
3542.0946298342546
-5.038541436463699
682.6355902459846
2084.6709814263786
-5.038541436463713
