2538.8210882677254
2022.1168608645282
2508.7033341085935
3542.0946298342546
1876.987885363559
853.979074953154
2208.5624826473663
2496.7600318965065
2865.395055862906
1037.6386674278458
3542.0946298342546
-5.0385414364636985
1476.877855216467
1670.6815643008995
287.90323067146153
-5.038541436463678
1091.8513492568652
-5.038541436463701
1244.2000835905474
3542.0946298342546
2055.068122546013
1624.318477564891
3542.0946298342546
1717.2508007402585
3290.625058428652
-5.038541436463692
358.8810121978528
694.4159622489577
3542.0946298342546
3542.0946298342546
3542.0946298342546
2409.7213375880224
678.6947504794081
3022.5515610979614
-5.038541436463698
3542.0946298342546
-5.038541436463699
648.5276248824242
2055.872962889953
-5.038541436463713
