1328.9663212843234
252.79999999999956
-35.03386361131267
1766.6259579443563
3034.041488154326
2776.230921795167
1263.9999999999995
102.84108804223884
1259.9502136620742
282.158341643202
-97.2046953257283
1512.7502136620742
2527.9999999999995
1516.7999999999995
-232.04766389017084
532.7024719245126
2919.6464820649203
-287.83386361131267
-4.583493156615686e-13
2271.150213662074
1007.3457352536627
2993.0117646811373
2589.95042398492
2416.6216705367156
1769.5999999999995
2523.9502136620745
2848.749264610229
2018.3502136620743
1011.1999999999995
516.9937107899465
2275.1999999999994
758.3999999999994
147.54351818631503
3064.5840772733873
768.2033199025702
1765.550213662074
505.5999999999995
2022.3999999999992
2128.151379983294
2776.750213662074
