-164.19714074519266
1327.585924335809
2945.8455450557076
987.2071858169668
733.2109897388665
2085.9859243358087
1580.3859243358088
2271.1502136620743
986.0109897388666
2523.9502136620745
-287.83386361131267
2338.785924335809
1512.7502136620742
491.9016034067844
-235.0934667030113
1833.1859243358087
252.79999999999959
2018.3502136620743
-4.312352483125628e-13
121.36869938882671
-76.1830144314043
480.4109897388665
3064.584077273387
2045.4626679984542
1238.8109897388663
2557.155640076774
227.6109897388665
758.3999999999996
1722.518772534968
2850.885934785711
1394.7180763934562
1765.5502136620744
2357.7256562088655
2925.598829952592
-25.18901026113346
736.2949085781854
2737.151019268903
1074.7859243358089
505.5999999999995
2776.750213662074
