1339.7648048460212
492.11184727924365
-159.40722593475587
2855.4890921488372
470.5661363886873
976.5520018901635
1768.6236628408888
496.05305693067737
-77.89454246495681
-4.731279941777895e-13
3033.343891735959
1765.550213662074
2944.3899748706526
1037.8379745305801
217.76613638868739
723.3661363886872
2777.799675765873
3064.584077273387
1515.823662840889
700.0909230175325
2274.065724376214
2018.3502136620737
1634.9867468303132
2812.7274732932037
252.79999999999947
2021.4236628408887
2899.1764577672884
175.13260047690548
2271.150213662074
-231.4976329946869
1507.5284630681326
2526.3096772557624
976.1661363886874
1191.8271608890045
-287.83386361131267
2991.171543167279
-35.033863611312654
2523.950213662074
1906.3230861290597
2776.750213662074
