862.6623994879191
1525.4860419894794
1222.4274808668265
1731.5609522084974
2038.6255330874926
1667.6900980277483
392.47414867783874
1553.7557828142822
1087.0115198507526
2296.6850500054425
-4.2684673733782977e-13
793.2132080167689
1370.9199147883223
2526.3984508049657
477.04025836533475
2302.499822947345
2650.7463590659286
3027.569634341489
1988.2736205680928
-216.3950269364882
-76.02937998007926
-138.6697492227105
696.8056883982739
2280.6808038809995
592.8104229286329
248.87636826194193
3064.5840772733873
252.79999999999959
1192.2480617434392
2914.314669588887
2841.6925147293086
-35.03386361131263
2539.6250183047096
985.8828434731078
2776.750213662074
2130.368534979305
1907.8757075367757
2977.436395014938
193.19923047627927
-287.83386361131267
