3064.584077273387
-210.10649221221496
212.77541129403727
-287.83386361131267
2427.7332707695764
2871.5024002921728
2926.171152424181
1773.8267512612888
796.0411422686641
2058.018910295395
800.031694314476
-35.033863611312654
608.0008647167148
-113.1478976454984
2005.990746834228
1387.623140564097
981.4749070181485
-4.513013128317872e-13
1169.0116986785424
1566.8059716023597
3030.3381313851096
315.8495323682241
2819.372238673541
557.2073564439846
2238.5932590450975
1811.186824233663
414.4587934279917
1305.5868242336626
157.92476618411183
2978.8341851054456
1772.0737712649275
1364.079397781269
2324.2445631982227
2502.698537564353
2615.7432485159457
1052.786824233663
2063.8613542606754
1558.3868242336625
2819.59461486708
2776.750213662074
