937.2829412457082
-287.83386361131267
1595.7536277992606
2132.400600972364
-139.93673796401478
2306.1840772733863
2523.9502136620745
1766.6494455283193
2558.984077273387
2271.1502136620747
976.1661363886874
215.84147062285413
723.3661363886874
2018.350213662074
2422.3285601653424
1948.2729534577381
90.91093856662425
-35.03386361131264
1228.9370968490327
1190.0829412457078
470.56613638868737
1946.5977214207655
3064.584077273387
684.4829412457082
447.23314949809327
936.100457660042
1410.0416184686524
2745.9421330441573
1442.882941245708
2930.0921600644847
1695.682941245708
217.76613638868736
-4.3016271155616643e-13
-49.69495041408219
-230.86812540054518
2503.3676319686197
431.6829412457082
2811.7840772733866
3014.523168028267
2776.750213662074
