-78.37882134147162
319.51858622674473
1868.1954208656343
2558.984077273387
392.51751186841403
791.8972457634385
1481.7661363886873
2997.5423921740567
1734.5661363886873
2042.4173706061677
2306.5350650987148
2271.150213662074
1228.9661363886873
2043.0251115084081
1626.8018612906578
217.7661363886874
-287.83386361131267
1642.7685861264267
1331.3966955958062
2811.7840772733866
1378.151990042049
-238.0823885897114
2306.1840772733863
470.5661363886873
635.1898959030395
723.3661363886874
1086.0885404570602
-35.03386361131262
-4.591256044170682e-13
2523.950213662074
2776.750213662074
-156.172400650128
2503.406485346598
887.9597222525364
2018.3502136620737
976.1661363886874
2679.878585916854
156.71412314886473
2901.3945782803557
3064.584077273387
