252.7999999999995
2271.1502136620743
87.0545414932699
1206.8917967670704
3064.584077273387
248.7502136620741
1512.7502136620742
2523.9502136620745
1765.5502136620744
501.55021366207427
2811.7840772733866
2921.84333956437
1011.1999999999998
-287.83386361131267
2558.9840772733864
2194.6596129061522
1007.1502136620745
505.5999999999995
758.3999999999996
2870.5362100599705
-77.03835409798438
3027.335943238202
2053.384077273386
2776.750213662074
2018.3502136620743
2306.1840772733867
-4.049786337925929
754.3502136620743
2820.351900684854
691.8571202518665
1807.2352539084177
-234.53101944980688
1597.5188414953282
372.62991338634185
1259.9502136620745
-160.3166097609974
984.513805733772
2972.6527781805416
1399.3108624803747
-4.599124303053832e-13
