2028.459681934936
3064.584077273387
501.5502136620734
1259.9502136620738
2544.506749719333
252.79999999999956
-287.83386361131267
758.3999999999997
2523.950213662074
463.92482687804466
-64.64593160652372
102.49742424293645
2291.7067497193334
2271.150213662074
3017.68864821077
1011.1999999999996
675.7198102267273
1136.1487662566597
2604.926300338022
-109.41930000414422
1771.6547006654944
2018.3502136620737
-233.27734135318607
505.5999999999997
1821.1236430578065
-4.674038933671909e-13
2776.750213662074
1263.9999999999995
2313.9917573874877
1396.167028423781
754.3502136620734
267.7716018347453
1765.5502136620737
1007.1502136620735
2797.306749719333
2946.486607697135
2876.153526270554
1516.7999999999995
1512.7502136620737
896.5693974553519
