1531.94045840823
415.802009186838
2008.7054653800008
526.4402638320926
1783.5601347572276
2993.686922488998
2306.1840772733863
-234.3857597144607
2673.9970768579387
1570.0324660512135
2776.750213662074
1056.8376370646743
2540.7258910970927
1155.4281075487534
2354.330415876147
1026.34045840823
1974.7458072022596
2882.892023908
-287.83386361131267
1547.7840772733862
505.59999999999957
761.4321783432761
2811.7840772733866
252.79999999999956
1373.492880465688
1800.5840772733861
953.3225005107918
2176.5138448325697
2558.9840772733864
474.49612797420707
-80.62698218403463
-35.03386361131265
1279.1404584082297
210.48058072212916
3064.584077273387
-4.641949943561222e-13
2053.384077273386
776.3903611201613
0.6674942030392415
152.02316683455012
