217.76613638868736
2213.5894904077854
2558.984077273387
2523.9502136620745
976.1661363886874
2088.235332595823
86.70322024656214
1042.173319102722
195.23800238642303
767.5871105783852
-135.94018398834487
-4.767714001374657e-13
1397.090894738217
-287.83386361131267
723.3661363886874
1547.7786981880545
1165.3654150799982
3064.5840772733873
1927.2574119985466
2053.3840772733865
3013.583918560626
2862.9381778947863
1481.6997451493803
1228.9661363886871
2418.9639271332517
1294.9733191027221
2811.784077273387
374.3073805150879
579.7952734041586
-229.26618382121273
2306.1840772733867
952.334395085285
470.56613638868726
2940.3829667376485
-35.03386361131267
559.1959767958566
1727.7992849431103
2645.764715147372
2776.750213662074
1800.5840772733864
