3028.0485221840763
-236.60619373818685
2032.9612593276977
2776.750213662074
2523.950213662074
1256.5292869779398
2271.150213662074
1346.6040622794903
2916.1045699706638
252.79999999999956
2481.9747235755535
2983.0213399780678
-9.868203917937683
505.17919186051654
2020.7105259978944
242.58561038879827
877.0629107741968
2264.6096247811347
-4.578806009035666e-13
97.28793824477334
624.2629107741964
762.7654656631512
1753.4058206665284
525.6620423637218
371.46291077419653
1635.4629107741962
-69.52181348570267
2581.5669232282316
1099.0546604432993
1509.4026452107607
2285.7612593276976
-287.83386361131267
2839.462647397729
3064.584077273387
1129.8629107741967
1382.6629107741962
-151.6172226132778
1888.2629107741964
1003.6590695579026
2690.231247079809
