3064.584077273387
2898.7554517093167
2316.2605171745236
1999.7977620506026
332.4367563227727
-82.67847904413388
-210.24720528058117
210.20410937753186
2518.2408850498146
1512.7502136620742
1912.3269756390505
1661.3584910501618
1765.5502136620744
545.7082899631805
2668.8889101437103
706.0869771775707
1010.1350217300635
2827.817894378573
1425.6934680452653
2742.3366693478856
2165.1269756390507
252.79999999999956
2018.3502136620743
2088.8053803093335
501.8966948016751
1239.9135981495535
-35.03386361131271
3028.570649003469
2980.51597652472
1723.078881722723
1053.463762271546
2523.9502136620745
2776.750213662074
1259.9502136620745
764.1070565303546
-4.4663959277923683e-13
-287.83386361131267
870.3754615445771
18.834061032329135
2271.1502136620743
