2776.750213662074
2286.422318628878
1347.2309360634986
1528.0223186288786
2523.9502136620745
2792.0223186288786
2539.2223186288784
1068.4718380261136
-238.16702723438607
1780.8223186288785
252.79999999999967
253.88532476827663
235.28919611217773
389.2342732272706
1600.0309360634988
2949.5889288997155
865.7427672463937
1094.28894879078
2866.3625249332536
2271.1502136620743
3016.3203569364405
3064.584077273387
630.7003919446795
-169.80064767752287
546.5204835872261
-7.955370116997029
1739.5898794146206
841.5173665512948
2018.3502136620743
-80.78730517121568
1283.7667133080054
-287.83386361131267
-4.458933222650785e-13
1925.393908472205
587.3795895148412
2303.5557258307063
2033.6223186288782
2635.1723424825745
1493.235071016379
152.39349170349243
