540.85531786789
-19.822505071350708
991.3774949286493
2834.8409549873027
232.97749492864935
1371.3924159785702
2079.3773821885593
1130.6931943399863
1290.7725841240322
2908.4917042708817
1413.655205022586
2517.7445737550106
-107.32651799297479
2139.7729963113934
1949.2184919662134
-183.6059514963306
1771.5776938477118
-247.823599998683
2341.0683097274464
2576.426193500416
1573.1549462442108
738.5774949286492
2322.8430283320804
-4.3774405360373656e-13
353.7992789559723
-287.83386361131267
877.8931943399864
2811.7840772733866
120.92828253909656
950.9519166051542
719.1359706477763
485.7774949286494
3002.3517980188117
3064.584077273387
2776.750213662074
1176.4088807194635
2551.732209312362
1591.5322183028852
1826.2800393842454
252.7999999999995
