30.016098462257563
315.1991742525523
505.5999999999997
1831.2841015428007
2054.026224738883
1547.7840772733862
3064.584077273387
-83.35885336877251
2306.1840772733867
461.47815213147857
567.9991742525524
-181.21475967639358
252.79999999999956
1800.5840772733861
62.39917425255229
2811.7840772733866
648.5404123226429
1579.1991742525524
1294.9840772733862
2776.750213662074
1088.282700387996
1854.987071423469
-287.83386361131267
1326.3991742525525
2558.984077273387
2629.903866933792
2990.315958183232
2261.011158709067
2890.2119387817447
1039.5577505772676
833.2129197660026
278.22617134837526
2835.455326384347
820.7991742525525
2450.8970060484858
2053.384077273386
-246.00198108944363
1433.2289905194475
-4.4216400621121667e-13
1073.5991742525525
