2417.1378358100756
217.76613638868739
3064.584077273387
2888.9236892851427
1040.419549825847
776.2378593510819
1405.5649355592552
976.1661363886874
1378.99828623641
3005.086804730312
-235.4998035626196
-4.484437051942527e-13
787.6195498258471
-55.521639519124726
2557.384262649071
282.0195498258472
2051.7842626490706
1922.3552019190947
2810.1842626490716
2776.750213662074
2304.584262649071
1658.5423783222527
-35.03386361131264
723.3661363886874
398.5339645600736
1798.819549825847
2221.4786110230243
1911.537835810075
-287.83386361131267
2844.7287235547174
470.5661363886873
88.64285981344538
2164.3378358100754
-142.96030070658895
1546.0195498258468
1159.3352380243343
2828.9687953960874
534.8195498258472
2542.2316241977614
1293.2195498258468
