3064.584077273387
470.5661363886873
1842.4363684129503
2053.384077273386
3004.723051528339
2904.068706953607
-287.83386361131267
516.4804489154525
1703.576672937189
84.64214326555918
263.6804489154524
1544.3188996603274
1294.9840772733864
2811.7840772733866
2523.9502136620745
723.3661363886874
2558.9840772733864
2056.582687530596
-35.03386361131265
1110.1319742472062
371.8096778357667
2497.432735722351
1930.793614182231
1800.584077273386
769.2804489154524
-4.4455792460806466e-13
916.7490553179294
217.76613638868736
2171.506430432073
2776.750213662074
2306.1840772733863
2277.9163223348614
2717.648620458798
-50.64141426146883
1547.7840772733862
1025.7852316651456
-233.59836537120017
1039.5587157043883
1346.001448216904
-150.69296849420934
