1769.5999999999995
-287.83386361131267
-142.61588892093516
2587.0609697953882
-200.09635367791265
3064.5840772733873
-4.4868656648088946e-13
981.9366234368721
2022.3999999999996
2275.1999999999994
2271.1502136620743
2261.2216475551104
193.73642137824504
2826.2498180303896
2523.9502136620745
758.3999999999996
1011.1999999999996
442.76340975741994
2960.430966672151
1605.2118856464604
2776.750213662074
174.61075948825516
2018.350213662074
1388.420586336639
-250.96447515697906
2527.9999999999995
252.79999999999956
1174.7863454999313
3030.8360784598426
2895.2187543276773
792.9368031785174
1889.3191700573798
481.6252095742807
-83.70151335282875
2809.871081484091
1765.550213662074
505.59999999999957
717.3283129441029
1263.9999999999995
1516.7999999999997
