2816.1922872901623
-35.03386361131268
1657.5100709668009
1166.5339884137375
2596.3301423144385
2277.5913056871013
217.7661363886873
-228.23530154550684
2076.3666353884714
2357.068244298449
405.16255428558804
2415.9100709668014
2776.750213662074
72.35654953966338
2976.5763677157865
1404.7100709668011
2596.4656848595882
2917.981316465876
252.79999999999956
508.697835428834
306.17588880995083
761.4978354288338
-287.83386361131267
1014.2978354288337
1519.4558227232228
-4.5038659548734673e-13
1910.310070966801
1114.4844397181414
1772.488394549775
-136.65896609781427
1674.625758555157
2665.5434791696753
699.4620211246807
3064.5840772733873
928.3579058606744
2163.1100709668017
1267.0978354288336
2024.780388668573
470.56613638868726
3029.701945791194
