1177.2582805754455
1438.83709258339
211.13376518523762
2605.6680454454913
2523.9502136620745
1387.8032357816178
1765.5502136620746
2928.1156179030113
408.27916137865003
599.9689742802656
2811.7840772733866
2018.3502136620746
629.4748748149651
882.203235781618
3031.1610898475715
1259.950213662075
2399.0020476413647
-4.564928221227851e-13
438.4340994476144
2776.750213662074
2285.7537599115476
-35.03386361131266
1729.5512908647197
1135.0032357816178
974.4689040885113
2979.535264631205
2146.203235781618
252.79999999999956
1640.603235781618
2822.19893581031
-287.83386361131267
1512.7502136620747
-184.28721872597833
2876.0259590116543
1893.403235781618
2043.880338256717
2271.150213662074
786.2298277342725
3064.584077273387
-87.89839361682242
