2097.3627021007906
1729.9875440400397
718.7875440400396
2314.172310258173
1982.7875440400396
2811.7840772733866
1225.9895619429026
1138.4848802459687
1224.3875440400395
971.5875440400395
-287.83386361131267
2776.750213662074
470.5661363886872
1475.812987497118
2459.707826329181
2287.405935660692
-235.1121097952641
616.669131125447
1833.9617726289134
-166.16180482175423
2025.260706379822
-103.3686927576626
-47.052301131813515
217.7661363886873
723.3661363886872
234.29890509038057
-35.03386361131268
2817.0980171872156
845.0080025989212
1477.1875440400395
2271.6331302200074
1662.3730198745752
2864.7567953321545
976.1661363886873
3006.5000748345115
-4.745339462729439e-13
2523.9502136620745
3064.584077273387
423.68613685323885
2628.241513805076
