1512.4627369445384
1574.4192400025133
-287.83386361131267
999.0691496465754
1418.5683974069286
865.5505549513856
-174.18678311893092
2834.9954641942736
-35.03386361131258
1274.070868758301
1895.87037725046
2907.6125812627024
217.76613638868739
499.87982691225653
-53.937949564964924
-4.643760593537271e-13
1210.5682621106157
2246.355374909332
2601.464652486382
3064.584077273387
-115.68773291959992
723.3661363886876
2022.936495277021
2776.750213662074
976.1661363886874
2708.3076618283126
2271.05690447867
2967.3275531702625
1787.6497410080938
751.1581969217206
252.79999999999944
510.4523957148814
2523.950213662074
2455.507661828312
3028.1732808834336
470.56613638868754
2202.707661828312
-241.9602137113982
1990.4538494485928
1588.3078993287788
