2776.750213662074
2920.2849551893682
611.2665043496477
2271.150213662074
358.4665043496476
-104.57602797566233
-4.4455792460806466e-13
2162.958628091661
2811.7840772733866
2994.522771670679
2523.950213662074
3.70550018942329
1608.7403214151539
864.0665043496474
217.31377922865082
1168.3509838851558
-250.79610676720915
-287.83386361131267
918.8178365655561
105.66650434964762
2554.7335258091284
598.9682494827582
2018.3502136620737
1338.3340557341833
2306.1840772733863
3064.584077273387
379.0069598865782
2839.292231284755
2558.9840772733864
2053.3840772733856
1512.43963882446
1765.5866956494397
413.217836565556
-44.28558510461669
930.312653581961
1800.5840772733861
666.0178365655561
1155.3439884548075
-194.985690614032
1417.9402322882127
