12.644440493098601
2646.3461275447667
1068.0088194077352
-55.10538694031265
2523.9502136620745
252.79999999999956
3064.5840772733873
1769.5999999999995
2022.3999999999992
1011.1999999999996
2776.750213662074
625.5633472935277
2110.309169914479
1765.5502136620746
235.2876115911866
862.0522772165276
2018.3502136620743
2272.0284827103096
1516.7999999999995
2971.673223955926
1634.578075138669
2326.5807801364945
-287.83386361131267
2481.8465680794498
1284.245185160385
1263.9999999999995
449.03300494321013
-35.033863611312626
-152.9956953027188
505.5999999999995
758.3999999999996
220.12252309875024
1891.3348057166081
817.9042156034745
-4.739907498020313e-13
2271.1502136620743
2797.3120876391413
-228.38754145645052
1517.0186520467896
2906.8757114287564
