-110.53162888707918
1899.8067257912667
931.905678333157
472.669753080688
728.9430238311897
1992.9430238311895
223.34302383118967
2053.3840772733865
692.5391758659132
-29.45697616881034
1800.5840772733861
1122.422456533353
1487.3430238311898
3005.503909169433
1547.7840772733862
2840.839518893644
-287.83386361131267
981.7430238311897
2811.784077273387
2914.2465171359336
1306.4049929922526
252.79999999999956
2221.601662175097
2245.743023831189
1234.5430238311897
229.0873504224771
2306.1840772733867
756.3311858892241
-4.4455792460806466e-13
2776.750213662074
2558.984077273387
1504.8927962281548
2500.847060767934
2523.899619659262
-243.55872835215067
-52.447013557109344
476.14302383118974
1740.1430238311896
3064.5840772733873
-175.16745431145733
