-287.83386361131267
1263.9999999999998
-243.15984074840958
1769.5999999999995
1422.897314462692
2016.7791383070482
-80.44720459204268
3064.584077273387
2776.750213662074
2585.7377682036995
2271.1502136620743
-35.03386361131267
2759.6548852528217
123.16122044324088
505.59999999999957
2018.350213662074
1516.7999999999995
1657.0682126256293
2811.7840772733866
1940.9018745259596
486.12334050584695
969.0886344330419
758.3999999999996
470.5661363886872
2999.7044983685305
2523.9502136620745
1011.1999999999998
976.1661363886873
2904.8392673222743
217.7661363886874
2833.626337158147
1190.657716292317
1765.550213662074
-4.3545096577867473e-13
2406.7254379913775
252.79999999999959
1512.750213662074
723.3661363886872
-160.75964987381025
2224.072013583878
