3018.8014152269216
2949.740996470724
129.76557569859222
754.8940343868164
2432.045888240852
2558.984077273386
2232.9406605031973
320.65382371429797
-175.8431956135487
1899.3655756985925
1491.8142313886897
-245.6801346360682
-88.33943019155498
2879.0098016210054
2776.750213662074
252.79999999999959
382.56557569859234
888.1655756985922
1646.5655756985925
635.3655756985925
1393.7655756985923
2306.1840772733863
642.9291629638977
-4.4185175598554084e-13
2584.555134518493
2152.165575698592
-287.83386361131267
1925.1298012166421
1800.5840772733861
969.796508385429
1686.2696793821933
3064.584077273387
50.448339018477824
2821.5211557245316
1151.6687766316848
2811.7840772733866
1295.9606168767573
1140.9655756985921
2053.384077273386
505.59999999999957
