423.30820191851495
902.2761198033284
686.1921295303046
459.72583156849726
-44.846914744620136
1996.959822395473
2271.150213662074
217.76613638868739
1556.8549108350917
-246.46851988827078
2018.350213662074
-196.94148020322137
799.1319964977442
2811.7840772733866
2478.011815957586
546.3319964977443
1051.9319964977442
2909.7631164294257
-35.03386361131264
1837.5101276348707
232.2016658773154
2695.3043678324843
1105.7436179828053
1950.3734926097309
2776.750213662074
2306.1840772733863
1520.66006062632
-147.0105352817029
-4.412206011343618e-13
2254.3534316728887
2558.984077273386
-287.83386361131267
1283.7012137755723
1767.7598452365626
1672.671327790457
2523.950213662074
3064.584077273387
2999.2961538211002
-97.17722687884604
1304.3928448452632
