1098.2149318950142
1512.7502136620742
790.9583819383711
582.9030033893197
2018.3502136620748
-52.35785937901957
894.924453824737
1963.0335029946586
1801.1691377122556
2306.184077273386
2558.9840772733864
2811.7840772733866
334.70355952172963
3064.584077273387
1762.010204297724
2434.6540463075476
1007.4852616651415
1542.236010822136
2053.384077273386
2776.750213662074
2523.9502136620745
3000.2030972853663
1765.5502136620744
2677.3648438796536
1294.4817725248968
-35.83872729649592
-114.7062938374802
1549.694836892158
692.5011307797954
-180.25440664271727
2885.2083495405986
2174.9736707153183
-287.83386361131267
-4.559377106104726e-13
136.583892159976
252.79999999999956
478.30892869941977
2271.150213662074
1259.9502136620742
-242.60502177335024
