663.2512203076651
2641.7414738862344
1990.0268153719699
1737.22681537197
543.7027582431787
2748.4268153719704
1418.4333314884204
1209.7899951158315
1671.2333314884204
1924.0333314884206
916.0512203076651
3064.584077273387
2952.6866301744312
404.01205760640727
3020.883118346356
-67.80287301680394
507.2587270046666
-213.5018488282522
2776.750213662074
1167.2422758980429
1434.246095453018
2495.6268153719698
129.55184211890335
-4.576030451474103e-13
254.45872700466686
1841.394413274603
2094.4616998782512
2242.8268153719696
760.0587270046667
2176.8333314884203
2853.0721361275528
2603.191772575247
1012.8587270046669
1484.4268153719695
-96.65182440875932
2429.633331488421
-287.83386361131267
291.00259175959496
836.322806080489
110.49446040986857
