2280.688478426792
1279.8490139922462
2776.750213662074
-4.3087129580209596e-13
2271.150213662074
1270.252225532463
764.7282135715736
2811.7840772733866
2967.176018732091
2529.548318945576
2558.9840772733864
1017.4642682187301
-58.828047379295796
1600.1010935492632
2038.249013992246
6.311360827810129
2018.3502136620737
521.6075986047675
985.7550119092535
511.9113608278101
2855.4349935117084
-130.06675638903877
2766.3750575856457
1532.6490139922464
252.79999999999959
-287.83386361131267
1794.6165696391358
2299.6908653671203
-191.97796106067855
136.70166797751838
1392.0726560293492
-251.82459306076748
3064.584077273387
259.11136082781013
2010.6511567897883
1027.0490139922463
396.95620110350234
1785.4490139922464
774.328306298507
2523.950213662074
