1126.2269774967062
420.68655979142795
771.9262673118951
2446.868982078515
1277.526267311895
1530.3262673118952
217.76613638868736
1779.3870043073402
452.58766545826984
2776.750213662074
-54.587064344155294
723.3661363886872
2811.7840772733866
-112.02336676776062
-4.4414159097383023e-13
-287.83386361131267
884.5296563752438
2997.7842243810246
2883.929496129419
671.8529086623512
2027.8141801313109
1821.3188546853235
2252.5410811247675
3064.584077273387
2558.984077273386
222.30650719995447
-62.70776241490297
1644.4349630058796
-228.10084118654203
1326.0174833826384
2677.601826039221
1024.7262673118953
981.8414222983886
1527.1220240849007
2028.4477413027853
2162.914916376765
2523.0906210812063
2358.2832552878617
-35.033863611312654
470.56613638868737
