-199.73864098794084
2752.912481230681
2013.0669050110314
1987.3661363886872
-35.03386361131269
2837.8167270047156
2240.166136388687
2024.869378668936
758.3999999999996
1481.7661363886873
819.4077008213081
470.5661363886873
723.3661363886874
1011.1999999999995
217.76613638868727
976.1661363886876
1344.9917084957124
3064.584077273387
2970.5026451082285
-4.719929974106537e-13
368.033451612493
2547.8067653346197
2273.5818000167906
1516.7999999999993
-287.83386361131267
2492.966136388687
505.5999999999995
1769.5999999999992
1228.9661363886876
1769.393679399504
1263.9999999999995
2318.3505421070054
252.79999999999956
2776.750213662074
3029.673606338275
33.928632736574244
2570.703276307859
1734.5661363886873
2901.7226282551437
-64.54695559602361
