2018.3502136620737
289.8175964206511
1433.2679953513275
505.5999999999997
723.9010878650151
2271.150213662074
1765.5502136620737
1512.7502136620742
3007.6881494553763
501.5502136620742
1619.3460217656107
2108.2198687495024
-4.049786337925807
2523.950213662074
2467.1524882679187
-4.584357124158792e-13
754.3502136620742
2554.787921516714
1714.4249601977094
248.7502136620742
2811.7840772733866
252.7999999999995
2776.750213662074
1259.9502136620742
3064.584077273387
-287.83386361131267
1915.0186541660833
1007.1502136620743
931.4483155363224
2693.0461765903565
-132.44295143399697
-254.71318720783222
758.3999999999996
1097.066808056513
1349.8668080565128
2917.7384160637525
1187.5664130255993
-65.06871004936433
-196.99705877824556
2298.1263800644724
