2470.4846974854013
470.56613638868737
1022.437031158136
723.3661363886874
-147.00848861820296
1801.536566104161
1596.833880558793
-287.83386361131267
2033.6370311581359
1780.837031158136
2903.6494562666508
1275.2370311581358
-227.72908505960604
-35.033863611312654
1672.4505016448102
1228.9661363886876
2837.0527452654073
-4.655657653216321e-13
217.76613638868739
428.2412814730804
2006.0109212024338
3029.3416538807705
2747.581316546555
611.4876394683098
2249.95089787209
1400.921598954023
992.6439473833229
238.04422200094197
2978.5806713541156
2018.3502136620737
2271.150213662074
2616.696632800278
3064.584077273387
796.255295971783
-68.65354704352217
976.1661363886873
2776.750213662074
2286.4370311581356
2523.950213662074
1528.037031158136
