217.7661363886874
2061.8465837695444
1360.3203336388106
2776.750213662074
347.4985205336673
2018.350213662074
2811.7840772733866
-287.83386361131267
2951.439771958436
1521.2371183347384
2890.3134238350367
-220.30513197341403
-35.03386361131263
2561.2462183948014
1274.502563089138
204.60161961412692
2826.5826510637357
2310.708359516216
1142.993051592525
2271.150213662074
-123.1100374503956
2299.793566824321
1458.456878354433
730.2271183342623
-17.25582952509282
925.1803135450268
1089.7071243374724
634.5085959514194
-4.5101585473268283e-13
1653.7242825782168
1770.702994435614
2523.950213662074
392.4156060575328
538.3384126739884
1851.5942486687636
3064.584077273387
-65.33559888719714
3013.2103096304463
645.2156060575329
892.6379257931923
