-35.03386361131268
2827.675711668923
991.877155540302
1401.3765311050222
2957.051683325157
1497.4771555403017
2891.2809187764096
1299.5585673063783
2523.950213662074
3022.6188215717
45.63658253813198
2811.7840772733866
2053.384077273386
296.0033581263786
1552.3516364781892
486.27715554030215
217.76613638868736
1244.677155540302
2433.9747700568423
1076.9039179738443
429.87588866278685
-4.505777544891925e-13
793.9585673063782
-63.87479093815395
2306.184077273386
2003.0771555403023
2558.9840772733864
2776.750213662074
-174.70262725622192
1046.7585673063782
739.0771555403021
245.49711171844305
1750.2771555403021
3064.584077273387
820.7434350596448
2017.7882396682012
-287.83386361131267
1803.0292139872847
608.7147927406402
2255.8771555403023
