2776.750213662074
-4.357810369712514e-13
2670.448213469943
2557.6177167825726
2417.648213469942
3064.5840772733873
2461.066013470623
924.4763754815872
1946.9574547969717
452.0094941920861
2895.7015568996662
1395.1926032688186
3025.8278165623683
252.79999999999959
1627.9011029700234
704.8094941920862
741.123083497039
2968.3320892206343
1210.4094941920862
2164.8482134699425
458.9497267326066
199.2094941920861
2327.4880779180585
957.6094941920861
-174.34148005379868
227.09153947046474
-242.4090135137954
1740.5983877383994
1878.4054452529854
-287.83386361131267
2822.6954877083026
1277.9991500376063
1915.6077695972313
2753.8702586925647
496.96154174851927
1463.2094941920857
1099.4206798656196
15.466550405115466
2154.1695468452567
1533.5457930444932
