1702.4665276379167
-3.359289502762169
2361.580520441989
1265.4196222855203
1197.8102087858329
-3.359289502762177
1427.8178923470155
1883.01795662283
2361.580520441989
-3.359289502762172
-3.3592895027621594
1286.3713046831717
2361.580520441989
1284.9459802712045
439.8130412040656
-3.359289502762171
1403.938056566521
979.6838970521366
1123.3590091518734
-3.359289502762172
947.1700251204669
2361.580520441989
2312.4829024920846
2361.580520441989
2361.580520441989
-3.359289502762171
2361.580520441989
795.7330158380983
1968.5661939243214
1315.063764966668
-3.359289502762175
-3.3592895027621728
2361.580520441989
-3.3592895027621594
295.8040570681444
2361.580520441989
-3.359289502762171
1984.6671874705864
1128.662260035167
2361.580520441989
