2169.5332243519197
-3.359289502762146
1203.1007536368168
2361.580520441989
1332.565210401398
764.459696120917
2361.580520441989
275.9908008227868
-3.3592895027621705
2361.580520441989
2361.580520441989
2361.580520441989
2306.194320271462
1949.1893483145645
-3.3592895027621648
1877.297793570478
625.7688744494815
742.7978917316051
-3.3592895027621417
1625.7772269376599
-3.3592895027621594
2361.580520441989
-3.359289502762172
2027.2565218881446
-3.35928950276217
203.6408240496898
1725.496326129329
898.0268267038201
-3.3592895027621705
1592.6179190055166
2361.580520441989
-3.3592895027621705
2361.580520441989
2031.139683659655
-3.359289502762172
-3.3592895027621825
37.16915965303451
1104.995513305695
-3.359289502762172
1404.2629420919216
