2361.580520441989
-3.3592895027621594
2361.580520441989
2361.580520441989
15.025022272988103
2361.580520441989
1252.187821846163
2361.580520441989
-3.3592895027621505
2361.580520441989
683.9797614827029
2361.580520441989
1071.7794383763012
1627.25217701671
2361.580520441989
1528.2395545958589
2361.580520441989
2361.580520441989
1835.267399623884
219.96821927951348
2361.580520441989
659.418698139492
2361.580520441989
-3.359289502762177
1709.2239195760044
176.44738477561972
844.5932492936805
1300.6716510090187
-3.359289502762156
-3.359289502762163
-3.3592895027621723
-3.3592895027621683
-3.3592895027621688
-3.3592895027621585
-3.359289502762195
2361.580520441989
410.95504784075854
1384.0307745433165
-3.3592895027621776
1149.0148781866778
