2361.580520441989
706.5146875275606
-3.3592895027621528
931.9197958325856
2361.580520441989
-3.3592895027621705
-3.359289502762177
-3.3592895027621776
-3.359289502762172
-3.359289502762173
-3.3592895027621417
2185.829036002354
822.5872179158101
1009.9163926954758
1561.3430321626347
2361.580520441989
-3.3592895027621816
2361.580520441989
1324.016600243846
-3.359289502762177
1177.394461484936
2361.580520441989
1966.1625955130262
293.49641333781113
2361.580520441989
2361.580520441989
2183.16160782173
2361.580520441989
-3.359289502762195
1218.5718805550002
2361.580520441989
451.011681136605
-3.3592895027621728
1165.5111834102747
2335.1132358439404
410.51518118036194
2361.580520441989
2270.16537886878
2177.731748083352
1734.9388937596864
