944.7660054008093
2361.580520441989
-3.359289502762157
2361.580520441989
1204.5118858030096
1483.5222279348513
1640.864578038576
2361.580520441989
-3.3592895027621594
-3.3592895027621528
1318.9336722842513
-3.359289502762172
1867.7394491329007
2361.580520441989
2361.580520441989
2361.580520441989
1866.1146435646428
-3.3592895027621728
2361.580520441989
248.6155036239268
1327.0098397851664
286.2043116469452
588.5687895047656
422.78026543377996
1126.3234018319722
1838.1965605419778
765.5568774813134
82.02369644277731
703.2736128856158
2361.580520441989
2361.580520441989
-3.359289502762157
-3.359289502762195
595.4081166448223
560.7213383290984
2361.580520441989
2361.580520441989
-3.3592895027621594
2361.580520441989
-3.359289502762175
