2361.580520441989
-3.3592895027621728
1843.189561965958
-3.359289502762172
-3.359289502762195
1346.335476758372
-3.3592895027621528
480.56395710133665
1057.3095935863212
2361.580520441989
2361.580520441989
2361.580520441989
2361.580520441989
886.0910085549132
1128.5820186013905
1550.6466885210334
1918.2501122582134
378.63077456761414
-3.359289502762166
-3.359289502762195
999.3839114103913
783.7501090254325
2361.580520441989
2361.580520441989
2361.580520441989
1061.727720812266
-3.359289502762186
-3.3592895027621594
1367.8540361934865
2361.580520441989
2361.580520441989
1243.5786684624693
1532.5861295712793
935.7220862297634
2361.580520441989
288.85871675626356
-3.359289502762172
-3.3592895027621514
-3.359289502762172
2059.8220157145515
