1473.549025850417
1247.8882202907673
2304.0351179112945
143.01500171829997
2361.580520441989
-3.359289502762177
2361.580520441989
1117.9114613309666
2145.789616796399
1980.9779825319308
-3.3592895027621728
2361.580520441989
2.6858258375867825
-3.359289502762163
271.25521394334277
2361.580520441989
-2.581064846223634
-3.359289502762195
168.25042929579925
2361.580520441989
542.7229926288765
2361.580520441989
1002.0628391288296
-3.3592895027621807
1641.3121699705164
695.4303535311755
-3.3592895027621634
-3.359289502762154
-3.359289502762155
1988.1585367638545
2361.580520441989
2361.580520441989
1510.8064676494212
1545.8976143604266
-3.35928950276217
736.9232499538549
2361.580520441989
1810.0547933464443
-3.359289502762169
718.8434690139603
