1415.5348922322366
-3.359289502762171
-3.3592895027621728
-3.3592895027621505
-3.3592895027621763
-3.3592895027622003
2322.8957673643054
1401.3063842442148
-3.3592895027621594
-3.359289502762169
2361.580520441989
2361.580520441989
2361.580520441989
2361.580520441989
997.9084942239112
1182.8971969412096
1928.4008629641198
939.1383892742724
2005.3330079885068
1361.8819721921707
2289.316777617815
845.9526487709776
383.23823832113123
2361.580520441989
2361.580520441989
600.4467764186088
2361.580520441989
641.3140822694638
1136.399612376354
-3.3592895027621594
2345.961245966471
2190.9824971278276
1638.4888525005738
2361.580520441989
473.87840576064156
-3.359289502762164
2361.580520441989
-3.3592895027621883
767.905205057205
809.3966343586095
