2361.580520441989
2042.090290762683
-3.3592895027621887
2361.580520441989
2361.580520441989
2337.4327880652704
993.4648457746392
-3.359289502762187
157.2336119132905
691.4883721015899
1113.570973155237
-3.3592895027621723
1235.1604225325361
2361.580520441989
2361.580520441989
-3.3592895027621816
1050.2774311412977
-3.3592895027621705
2142.3136964106416
-3.3592895027621976
415.67516370592244
1653.4312248911247
2355.549810510953
2361.580520441989
1894.678131080275
-3.359289502762164
-3.3592895027621745
335.68046789024095
522.238993460559
1880.3687694204164
-3.3592895027621728
864.073087832158
2361.580520441989
1017.1187983082059
2361.580520441989
-3.3592895027621794
2297.69664016885
1782.9942178417639
2361.580520441989
-3.3592895027621688
