2361.580520441989
-3.3592895027621825
1210.201807050685
-3.3592895027621594
1774.8022745027731
2358.2150484171125
-3.3592895027621816
2361.580520441989
720.3745280488187
-3.3592895027621728
979.7100789222981
2361.580520441989
2361.580520441989
2361.580520441989
1587.6289204129366
2162.512392549936
-3.359289502762188
1732.65913457948
1218.8033645889582
-3.3592895027621585
1599.7084125431134
-3.359289502762164
2361.580520441989
-3.359289502762153
2329.1522389893616
-3.3592895027621745
284.8072317968267
-3.359289502762171
745.7213365175135
-3.359289502762184
2361.580520441989
1418.4893389252861
2274.289486217499
1646.926320990951
-3.3592895027621616
659.2585653517774
2361.580520441989
11.421717002275141
2361.580520441989
2361.580520441989
