296.82911649320573
1940.6767590372415
19.767731326662435
2361.580520441989
2361.580520441989
-3.3592895027621665
2361.580520441989
995.3623394612295
1216.5982699572141
-3.359289502762164
933.3396833402719
666.7875862597272
2361.580520441989
16.075937924623663
1265.1885202938072
1752.712208684179
2361.580520441989
1105.3061186970183
-3.3592895027621896
1128.280472974347
2361.580520441989
328.8009180771895
336.1064508266724
1048.9620797725809
2361.580520441989
2361.580520441989
567.8553073798164
-3.3592895027622
1053.3871789631573
-3.3592895027621728
-3.359289502762195
2361.580520441989
1846.3140772959925
-3.359289502762177
2361.580520441989
2361.580520441989
1242.3787940314194
2361.580520441989
-3.359289502762186
789.5609608515354
