1705.0767232818516
-3.359289502762195
2361.580520441989
1402.3010968785516
247.58889289731877
425.0405350659975
-3.359289502762164
2149.688231857237
2361.580520441989
2327.8826303625847
795.3071731751529
2361.580520441989
-3.3592895027621648
-3.359289502762161
1903.222344962625
2361.580520441989
1187.4967291936005
2361.580520441989
-3.359289502762184
2361.580520441989
2351.63982028881
584.702897536476
1541.1666082631455
878.0410374015846
-3.359289502762175
2361.580520441989
1770.0121075763388
2361.580520441989
-3.3592895027621728
1193.8754426641638
-3.359289502762164
-3.3592895027621816
938.894864091792
-3.3592895027621745
2269.6717501037283
2361.580520441989
-3.359289502762195
-3.359289502762195
1130.6387871837542
2361.580520441989
