-3.359289502762177
1359.144459376764
792.6714526677679
1534.2511436580844
1999.2778863161511
675.9548956453582
1724.1024464419525
2300.0682230078455
640.5942506630277
2361.580520441989
-3.3592895027621683
43.14289961912378
2361.580520441989
2135.0096020198475
-3.359289502762173
188.81844420224348
2321.643178932236
1941.991283745771
513.203734815359
523.2969230431662
-3.3592895027621683
-3.3592895027621705
2361.580520441989
903.0133464380774
39.75567144014598
341.7569779833391
2361.580520441989
292.5391469756128
687.3724948415828
1111.6845688939366
171.02298436581722
2361.580520441989
2361.580520441989
2361.580520441989
2262.332870030387
-3.3592895027621616
2361.580520441989
-3.3592895027621705
1831.0453835130234
2361.580520441989
