-3.3592895027621705
2361.580520441989
2006.8688775323694
180.24588840233764
1146.4080044936277
-3.3592895027621674
2361.580520441989
2327.295162179385
-3.359289502762173
2361.580520441989
2361.580520441989
128.24877043962633
2361.580520441989
2361.580520441989
1454.1367960929165
7.026651147709321
1250.3422348237702
2361.580520441989
2356.9220324536464
-3.3592895027621665
2361.580520441989
1719.7312699744434
-3.3592895027621585
-3.3592895027621683
1384.4708032685749
1380.6761287597124
2179.955374855038
1274.9526772952681
-3.3592895027621683
1101.67152630367
-3.3592895027621728
2361.580520441989
-3.359289502762169
404.9511334369007
1893.5308601023005
634.3077495033675
-3.3592895027621807
-3.3592895027621483
407.9579742493988
2361.580520441989
