479.8193948305363
2361.580520441989
2361.580520441989
1884.2874562223076
2361.580520441989
977.8259287551202
2361.580520441989
-3.3592895027621736
2361.580520441989
1279.1481344355989
-3.359289502762173
2361.580520441989
878.4714717557299
149.59909385995982
315.726544203555
1505.2089470089022
495.6252643329192
2032.84274081899
-3.359289502762171
88.92569618310738
2361.580520441989
2361.580520441989
1715.157294687533
-3.359289502762177
670.627483011566
2361.580520441989
-3.3592895027621807
-3.359289502762155
769.807938059575
946.2598632417685
659.3369887378226
2361.580520441989
507.9620429707833
-3.359289502762169
2361.580520441989
1138.9409640289468
1566.3335795475864
673.1040803157065
2361.580520441989
-3.359289502762157
