1418.8228514282605
2361.580520441989
2361.580520441989
2361.580520441989
2361.580520441989
2361.580520441989
-3.3592895027621616
988.9525570399587
2361.580520441989
2010.4336777242404
-3.3592895027621856
-3.3592895027621728
2361.580520441989
1355.772639672945
-3.3592895027621616
928.8774246873102
1172.3378074415386
578.263607097271
2361.580520441989
2361.580520441989
-3.3592895027621794
2361.580520441989
-3.3592895027621594
2361.580520441989
-3.3592895027621736
-3.359289502762171
678.0945741437461
1452.2256312769389
-3.359289502762171
-3.359289502762171
-3.3592895027621705
715.9402988875418
774.2645247391657
1939.5878551366943
-3.3592895027621648
2361.580520441989
1377.845388971765
1204.2991878247778
837.9685958945265
296.62729923091194
