2361.580520441989
1943.1595046983646
2361.580520441989
1064.745524630657
880.1630178316076
2361.580520441989
1420.5577353269696
-3.3592895027621528
2361.580520441989
341.44136250616805
1556.499564005961
-3.3592895027621683
-3.359289502762177
1712.886240279022
0.02665797393456848
2361.580520441989
2361.580520441989
2361.580520441989
1690.17889777039
826.3476696235188
230.0751222512418
-3.359289502762157
-3.3592895027621883
521.4574712711794
-3.3592895027621594
2361.580520441989
-3.3592895027621705
2361.580520441989
1432.0562412358502
-3.3592895027621825
2361.580520441989
57.119624599716836
2361.580520441989
-3.359289502762177
620.4117163866039
1429.4801770857932
2361.580520441989
35.65819009456274
408.8957047540357
2361.580520441989
