2361.580520441989
2361.580520441989
-3.3592895027621883
1612.5031926623953
2361.580520441989
-3.359289502762177
2097.0357223021297
1432.6807270563068
935.164096727849
980.9948336935688
-3.3592895027621887
1397.13390201901
1258.0960485768271
870.4051219940759
934.7520353679967
2361.580520441989
-3.3592895027621816
300.76382003789485
-3.359289502762164
1774.6150164226988
621.3236619206027
1135.9979989596418
-3.3592895027621594
-3.3592895027621683
1942.8428295293295
825.7606921358125
-3.3592895027621816
-3.359289502762169
1707.73084421802
1231.3046933626779
1827.9927374884232
2361.580520441989
2273.947487065835
1561.4184016227132
2361.580520441989
1913.9274738457525
1793.7005812994294
712.675372060668
2252.7475180441497
2361.580520441989
