2361.580520441989
1182.2508193112756
2361.580520441989
2361.580520441989
2361.580520441989
855.8725208985034
-3.3592895027621745
1200.0427747604826
-3.3592895027621616
572.2879560218146
2361.580520441989
1441.5492864822088
162.68443761089344
2361.580520441989
620.097129650055
44.08332537503594
2057.2658559591555
2361.580520441989
-3.359289502762148
2361.580520441989
905.2297432270934
1039.4695947991454
2361.580520441989
1973.968938525568
-3.3592895027621497
-3.359289502762177
1199.901063395032
1847.714273384015
-3.3592895027621728
-3.359289502762169
2352.072682311071
2355.564761875619
-3.3592895027621794
360.50596911056425
1547.3654820512033
-3.3592895027621683
-3.359289502762186
1799.2548853636704
1598.7087101312145
-3.359289502762164
