2037.5111807905614
2361.580520441989
2361.580520441989
2276.8130883630333
2184.4936105097536
-3.359289502762172
2361.580520441989
1871.8986940005368
1650.4254200773148
770.9073677321855
690.0441500473856
2361.580520441989
2361.580520441989
1266.7705419036392
719.7416455417808
2361.580520441989
-3.3592895027621705
1201.1782896810414
-3.3592895027621505
-3.3592895027621723
1432.1702170684025
-3.3592895027621816
2361.580520441989
-3.3592895027621736
11.588213843432698
-3.3592895027621883
2361.580520441989
794.0340340992188
15.361923816617217
1119.476728663059
1294.8378096006493
978.6916800315205
2254.2683291934013
-3.3592895027621728
2361.580520441989
2361.580520441989
-3.3592895027621603
-3.3592895027621728
2361.580520441989
283.2440321597774
