-3.359289502762172
2361.580520441989
1482.9801085512443
519.1518795020353
-3.3592895027621577
2361.580520441989
2361.580520441989
2361.580520441989
2361.580520441989
2361.580520441989
-3.3592895027621728
1169.446609266645
11.363189311012121
2361.580520441989
-3.3592895027621683
1442.5656944339403
2361.580520441989
-3.359289502762177
-3.359289502762155
1591.0032377208886
629.6137325491924
302.68390472306544
-3.3592895027621723
2361.580520441989
2361.580520441989
-3.359289502762163
2361.580520441989
2361.580520441989
2003.3343984354121
875.5711603443528
56.85395209943881
1923.6264292894152
198.20902329055957
1043.0769216943595
2361.580520441989
1313.8558840778708
682.8605525155197
751.9791765027428
355.17282341172734
-3.359289502762171
