640.627462164867
-3.3592895027621767
1839.2651684942882
-3.359289502762188
825.3303815882522
-3.3592895027621665
2361.580520441989
547.4777385937293
2361.580520441989
-3.359289502762155
963.3323224689228
2361.580520441989
2361.580520441989
1131.4679698298587
1011.7763032087238
2361.580520441989
2361.580520441989
-3.3592895027621683
-3.359289502762195
-3.3592895027621914
965.8370305622337
1952.8056723200782
-3.359289502762172
2361.580520441989
896.3013293776952
2361.580520441989
331.74759926833224
2361.580520441989
-3.35928950276218
2361.580520441989
2361.580520441989
1279.8056684984222
1574.8675250378917
902.451409412999
2361.580520441989
2361.580520441989
1215.5909729341997
733.8030000568716
1337.460508041001
-3.359289502762155
