-3.3592895027621683
2361.580520441989
1992.4973908988839
-3.359289502762171
488.4790267829268
1315.488967663708
2361.580520441989
-3.3592895027621728
2310.5333984899535
1354.776096638408
-3.359289502762177
2113.825169681609
-3.3592895027621616
-3.3592895027621594
2361.580520441989
2361.580520441989
-3.359289502762177
1858.1340850689096
2361.580520441989
2361.580520441989
1494.3742142047256
1610.4520036244285
874.0443282976992
-3.359289502762171
-3.3592895027621905
-3.3592895027621683
2198.74960675451
2361.580520441989
2361.580520441989
2361.580520441989
-3.3592895027621603
1735.8876454938172
1486.2543181169576
412.7275986633165
-3.3592895027621594
799.0204147489528
1915.963429766944
-3.359289502762177
2270.6207566095964
1234.7848114010708
