2361.580520441989
-3.3592895027621705
1994.5237265911726
6.567225079491175
1274.505373514444
59.66868999833517
657.621994462512
-3.359289502762172
2361.580520441989
109.83354694197823
2361.580520441989
2361.580520441989
450.4045696428912
1240.7452464315747
-3.359289502762172
2361.580520441989
-3.359289502762177
1069.0484090420662
-3.3592895027621745
794.119047848289
1174.0905878958913
1602.1896546446146
-3.359289502762175
2361.580520441989
529.71314707386
2361.580520441989
-3.359289502762175
2361.580520441989
1309.1577845674556
2361.580520441989
1894.2671647319287
1756.579082450176
2361.580520441989
-3.3592895027621514
288.44330505124435
-3.359289502762172
2361.580520441989
2361.580520441989
1317.4960506206387
463.2254607232902
