-3.359289502762186
2361.580520441989
1168.420809642325
644.9440690143563
1640.699636366728
-3.3592895027621905
-3.3592895027621616
2361.580520441989
-3.359289502762166
-3.359289502762181
2361.580520441989
944.5344956007391
942.8772043089094
1954.8751263010658
2361.580520441989
-3.359289502762156
-3.359289502762163
2361.580520441989
852.3976895407591
1634.2843793060065
2361.580520441989
2361.580520441989
2361.580520441989
1899.494100059666
2058.6492272647674
-3.359289502762164
-3.359289502762169
1764.2722089237582
273.9256167926867
1388.2031543080234
1401.624908906797
1324.8582459950353
1172.223592730682
684.3604895293324
54.39719487579711
2361.580520441989
-3.359289502762186
2361.580520441989
-3.3592895027621728
-3.359289502762199
