2361.580520441989
2361.580520441989
-3.3592895027621825
1439.9255254651077
-3.359289502762177
1641.2811731931163
2361.580520441989
2361.580520441989
1706.447494428917
485.49030816049714
1931.5862853219448
-3.3592895027621705
-3.3592895027621728
452.82517039627146
-3.359289502762166
-3.359289502762172
-3.35928950276216
908.7407505489166
-3.3592895027621683
2361.580520441989
-3.3592895027621728
2342.2475738438657
2361.580520441989
2361.580520441989
1427.1196092648995
-3.359289502762184
1148.6934953046364
2361.580520441989
2361.580520441989
680.9862199256498
2361.580520441989
1279.3361051249703
2361.580520441989
1171.2506126845644
-3.359289502762186
1947.0772835273863
1932.5350939858934
-3.3592895027621745
1573.112424971886
-3.359289502762177
