2361.580520441989
-3.359289502762201
-3.3592895027621763
1119.244637227902
-3.3592895027621634
-3.3592895027621594
2361.580520441989
170.68801245316695
1394.277238128855
2361.580520441989
1384.236286030209
-3.3592895027621443
315.0751806117631
-3.359289502762175
990.0313780938759
2361.580520441989
-3.35928950276217
787.4794098646948
2361.580520441989
-3.359289502762172
1044.7625784052098
2361.580520441989
1643.2479213947422
2361.580520441989
1429.0889343820106
1235.7425143747375
1988.3546775597229
1565.6996390885583
2361.580520441989
2361.580520441989
1984.0786994002665
532.1167662055569
38.95630955002113
921.3894248626383
62.16977999587762
2361.580520441989
353.1804030442473
1596.0642376710541
1827.2870565796693
386.99806141101027
