-3.359289502762195
1672.1922064086343
844.5218019839192
655.8270057745708
1110.3455141912293
-3.359289502762177
2361.580520441989
1304.6248035796202
2361.580520441989
-3.3592895027621794
627.5578263776192
471.60648145542865
1111.2255657215192
18.439323757912447
2361.580520441989
-3.359289502762177
460.89411835049367
-3.3592895027621763
2361.580520441989
835.8816582946852
1790.3760541502345
334.08308309280767
-3.3592895027621594
2361.580520441989
2361.580520441989
2361.580520441989
2361.580520441989
-3.3592895027621683
2361.580520441989
1242.2568135355416
882.7119798144623
2361.580520441989
1418.9424455518488
2361.580520441989
-3.3592895027621483
2361.580520441989
877.2822227215516
613.5846893493344
-3.359289502762166
2361.580520441989
