2361.580520441989
-3.3592895027621883
2361.580520441989
-3.3592895027621683
2361.580520441989
-3.3592895027621728
-3.3592895027621883
194.57745343724056
1953.5010918851697
-3.359289502762175
-3.359289502762185
2361.580520441989
1795.1946143399039
851.6989844088329
2361.580520441989
941.4795176038454
345.61080634030054
2349.6413151794686
1625.2956381581039
2361.580520441989
393.19166586021663
-3.359289502762166
967.625402034794
1391.7799286861336
31.361129571497138
2361.580520441989
1601.6286989384043
2361.580520441989
2361.580520441989
660.4163751826264
61.996008783635816
2361.580520441989
-3.359289502762163
1815.8177217219738
2361.580520441989
1315.3514623838248
-3.359289502762177
1502.286854649278
829.4860138078083
758.0890650573504
