2361.580520441989
41.107744565170286
1922.0244029618702
2361.580520441989
1421.651774397283
2361.580520441989
-3.3592895027621594
2361.580520441989
926.2723686721348
2351.917700852724
1428.506999093455
1806.741754211198
2361.580520441989
30.38424328830289
672.9181639441316
910.1746793100427
1952.1404581812371
-3.3592895027621745
2361.580520441989
2361.580520441989
1008.1541749566927
1117.7996314432926
499.51152134047726
1420.5380347994592
1655.6074406356793
1581.4764452434224
845.4608828353855
2361.580520441989
-3.359289502762171
338.92270315674807
2309.5504930221196
2361.580520441989
-3.359289502762164
1255.8566743748547
181.47857042366002
-3.3592895027621594
533.4599605892573
418.7448603053667
-3.3592895027621594
48.5805113862591
