547.4812940605099
2361.580520441989
2217.957602016991
2361.580520441989
2361.580520441989
426.83048891796193
396.87242784486614
1119.5276843444396
13.831240096223267
-3.359289502762177
-3.3592895027621683
-3.3592895027621745
2313.5670750373483
-3.359289502762184
1272.819087388521
827.5716886308378
2348.4338618349175
1437.7943174794948
-3.3592895027621745
2361.580520441989
2361.580520441989
525.6164907151382
2361.580520441989
1614.3654392483552
706.8847608620438
2341.4190158897363
939.1061916047731
40.758982519287045
245.28885985805823
1477.6715275069737
1470.4520061199594
981.7133182505327
2361.580520441989
-3.359289502762186
2156.541352680625
-3.3592895027621705
110.99156743350565
2361.580520441989
2361.580520441989
1989.9651473296212
