2361.580520441989
2029.678497652085
2361.580520441989
2361.580520441989
1933.6157583260558
579.1555739597037
-3.3592895027621577
1922.4329264590247
1631.885944010016
1402.133149133137
2361.580520441989
-3.359289502762169
2271.0041187211923
966.4723897186727
2100.219554446496
2361.580520441989
1768.2131146050938
1489.483716401023
2361.580520441989
-3.3592895027621616
-3.3592895027621728
418.3689878790393
-3.3592895027621705
-3.359289502762166
1243.0422284287201
-3.359289502762182
1118.420533526867
1920.5248184894508
-3.3592895027621927
896.7371444837509
659.0991076100181
2361.580520441989
2361.580520441989
2177.162214860621
-3.359289502762177
-3.3592895027621545
-3.3592895027621705
2323.7091562598234
2015.5514279410752
758.111042006455
