2361.580520441989
1031.5918201974928
2361.580520441989
-3.359289502762172
-3.359289502762187
354.08394680786586
2361.580520441989
1163.2077814793658
-3.359289502762155
1505.3067418672108
-3.3592895027621728
1156.6145196228213
-3.3592895027621728
2361.580520441989
1437.2475875446141
2361.580520441989
1894.9880541485047
1773.3579312250774
-3.359289502762172
2361.580520441989
-3.359289502762168
-3.3592895027621648
-3.3592895027621767
-3.3592895027621914
907.9215281741625
1714.5967497776874
2361.580520441989
-3.359289502762164
2361.580520441989
1423.938128138141
1293.2917532683177
2034.3858930686192
2361.580520441989
2361.580520441989
824.7729935527963
2361.580520441989
2361.580520441989
920.8987190951342
-3.359289502762145
-3.359289502762172
