1780.5788788831703
373.80458479793765
2083.488552049315
540.8851555454168
2361.580520441989
-3.359289502762164
-3.359289502762181
-3.359289502762172
-3.3592895027621927
-3.3592895027621914
2361.580520441989
2025.7702492041535
1054.9007834217414
2361.580520441989
1582.490498200924
1935.8729081772276
2361.580520441989
40.382528057029525
-3.359289502762187
760.027523395392
1365.9636432314142
912.8604026831237
2361.580520441989
181.73721088551144
2215.4768449568032
-3.359289502762177
1719.4853801423017
2361.580520441989
1253.704789170695
-3.3592895027621728
-3.359289502762169
2361.0837906735997
1199.03124417719
2361.580520441989
-3.3592895027621728
2361.580520441989
576.8117408038896
1873.149548300777
2314.7044282054335
194.41035344628585
