974.0753642577079
2361.580520441989
2361.580520441989
900.080575420611
1585.8643443902326
30.498471095796518
889.3560021106518
2361.580520441989
1482.743517463903
1489.2712516463466
-3.359289502762172
2361.580520441989
-3.359289502762164
-3.359289502762177
2050.3982759708483
567.1959382767742
-3.359289502762173
2361.580520441989
2361.580520441989
1978.3170017507464
-3.359289502762172
2361.580520441989
2361.580520441989
2361.580520441989
-3.3592895027621683
2361.5805204419894
43.21153276846043
821.7359923187657
1749.4001617246201
199.2906554440794
-3.359289502762146
1180.515821758781
30.26726867436677
-3.359289502762155
160.6272046587211
1738.7749870257744
385.55898391660423
980.705497390931
-3.3592895027621497
2361.580520441989
