437.96637007089424
-3.3592895027621705
2361.580520441989
2361.580520441989
-3.3592895027621417
-3.359289502762166
2361.580520441989
-3.359289502762186
2361.580520441989
1634.2109888247207
2229.0495236278416
2036.942324855337
-3.3592895027621794
2361.580520441989
381.9493246510825
-3.359289502762164
1463.635420966974
1149.1717191680427
1296.3557923261749
895.6664724747362
-3.3592895027621568
2361.580520441989
1913.3257884879627
-3.3592895027621927
641.943309171303
-3.359289502762171
2361.580520441989
-3.3592895027621794
1040.2130836448218
961.2256878299235
2361.580520441989
1843.0479832582178
2361.580520441989
2361.580520441989
-3.359289502762177
966.9692317853815
1544.8494788657672
-3.359289502762172
2361.580520441989
1317.9121828914392
