1624.5914606391661
2361.580520441989
-3.3592895027621505
2342.1916256179734
2222.6076349081186
-3.3592895027621728
-3.3592895027621683
681.5450798780761
-3.359289502762169
1067.3427133704124
2361.580520441989
1485.562110958298
-3.3592895027621585
-3.3592895027621505
2361.580520441989
-3.3592895027621728
897.2940548370167
2361.580520441989
-3.359289502762163
2361.580520441989
605.1849925604492
919.0782796327433
2361.580520441989
2361.580520441989
-3.3592895027621825
1731.8052631621
606.8525502104657
2077.327717046153
1429.3408344164905
-3.359289502762156
383.6816327548596
1241.4913084835189
1879.2395742367366
2361.580520441989
1910.4277192070267
-3.3592895027621594
2017.8757073262746
936.1415629649557
-3.3592895027621794
2361.580520441989
