72.3688720695961
171.47364669305404
824.4057515364012
4104.647583785326
1628.3480566238663
2937.5011477614617
2187.445383928591
1940.556919832773
1723.0776121627273
4183.886968424298
2373.398941102301
1212.2878444605615
4030.527466474254
397.98308842154256
923.1365880456748
4222.709229741876
1991.2101803554297
711.2788541606091
3919.7604761924754
2720.475778656489
3354.447671170725
3858.690488367954
3891.952911490603
706.7769694478654
3839.2223886201227
3234.476915415143
1331.561569981921
366.75550562773657
2548.9256515178245
13.922013889442798
2299.0075334281005
251.46962703112692
3293.783932994751
2836.688061579932
3828.2741581315477
2347.116843021981
1184.8614504218401
2048.8967904696
3952.8430389206637
3510.7702434210155
