2880.8408068867852
2178.583505757517
1503.762488503528
3891.802744505998
1239.543028274409
3130.55504293656
4107.635872623017
3503.1988708931744
4049.584910060476
4185.558513462312
439.2818318518125
982.2800192370324
121.12549750868077
3250.2493227334253
1159.8392910574617
1678.415868583225
2832.162300276318
3858.690488367954
2781.0956624193022
3572.9000770784523
270.9800383780412
397.9830884215426
13.922013889442756
1780.923870658438
4152.384069807005
82.52402152368978
2370.2398768189155
1421.405897344947
650.4169561428048
1883.9615125940277
205.9754790140988
1746.8684885359742
1923.3318894220893
3937.146796740123
1000.6532228798326
2966.2072833427987
3828.2741581315477
2171.5596828369703
174.31074053635396
4222.709296716016
