2879.1585626533965
3828.2741581315477
3575.4895469309795
461.8401494100997
1794.324585860128
650.7817098235707
397.9830686548664
4184.609504458665
147.12695432080952
2730.4329775809942
276.90782130299164
1917.9760673200049
1254.289935525198
806.4468396172745
1755.236813692676
120.7493631541365
2944.7348955564876
2185.6956676830205
1708.9890401723617
428.5203937860455
3159.320029788396
2350.769166849316
3424.1820913716224
2749.733634648376
4042.932504322719
216.65846124747281
367.9745293190883
1977.2801379761531
3914.6019153931857
3253.4285187546275
3890.6528755366853
3998.8555833728324
2704.35369166695
1577.1107544638196
4222.709296716016
4114.407734713517
930.5917487445726
1777.2387615921057
13.922013889442768
3015.4065503463084
