3530.7996722114244
994.0994855030335
1540.3086518847588
3118.3026955759806
2316.406518642179
3472.269604997291
1929.454095337463
2148.6166189038972
289.8469663356441
4018.76259447471
606.031409775566
3688.9643622104472
577.9217556825758
129.12410860979656
3635.5276551011098
3676.2746501608735
2688.5353785573225
2389.9562539840404
2876.0541266138507
4080.5047789205314
727.6604412017587
457.1776823248033
3828.2741581315477
199.27183386982765
2998.698451997016
3914.4278280911503
397.975819795974
433.09222130799935
2532.4887132305485
351.4350095567897
4222.709296716016
2738.9307618608245
3898.9174484623236
1473.0280861438364
948.7994405844914
1626.730346093591
1165.6524389276894
1455.3170890536012
1651.9519751008622
4191.704563678111
