397.98308842154256
3828.2741581315477
4078.91417514324
2159.8471486188664
2762.458347247662
4118.705992530933
2668.2460078172153
4222.075090546548
1309.7657798882926
4125.317554197658
155.48056957363545
1527.0922511816732
3979.99200896788
1203.7679066052194
78.59097641097406
766.7538795799998
2840.2527195201515
3218.346296206687
1854.778286552801
3203.8910771785468
2604.8871694794125
1315.1953521692558
928.7921600901535
1873.6345735931718
3063.1542844467267
13.922013889442795
958.6316207726743
124.50777062814105
3353.4724034392057
238.38111068147057
2363.5697492854156
2584.4218333106837
731.4929917785194
206.59049530566193
2051.14516666446
3909.0593679592143
3865.5687123770977
43.448833188538586
547.106166153982
968.9950223414248
