992.1885801994417
3687.4373451680767
118.70289970074151
4153.307987828985
1136.4845965154984
2985.5354297132494
397.9830884215426
3423.654856638554
164.6816864584592
3828.3426095961045
1652.89749743837
3117.48972392186
1017.9297324074696
4192.292966479609
3441.234871392867
250.70089653388936
334.8365564475875
4114.190087730234
2126.048657946292
1337.3860286906406
1849.6376552047159
4222.709296716016
2139.0668189676335
1975.8289626093622
1404.2825905238392
3021.702365016618
2760.7327593606105
1884.841626055703
2320.827109961676
4013.233090446965
2503.023635661363
3908.035052118212
3984.4656305595367
676.725354181243
3828.2741581315477
2682.695932680007
3852.643494292666
2680.83683421492
2912.747469469984
849.0952540480477
