3394.3966868628895
1022.6506750733188
1565.6858778489654
4189.408553679968
1809.75618804833
2532.4186182951676
397.9830884215426
1552.5319698784115
4031.1546310082854
2664.529780694774
3961.132340764523
3363.565673402975
3876.1680754635604
350.08207304379283
130.94900990769435
4150.383930096058
3535.589861163921
389.74473660049557
195.73691779256674
406.13388336162313
650.7817290387868
1222.1259170861586
227.9614926210068
3095.8642201851167
259.36461826548134
3211.850826324894
4222.709296716016
3588.7038777476623
324.20431545864767
3263.2447412617234
3828.2741581315477
3711.29059693096
2321.829037435004
903.3739997914535
4092.967960585399
3229.1647184814274
2875.7590571748133
3886.9913977338156
1639.1522557284661
2155.1705430546817
