1507.9277709313658
3136.1163007285004
2433.5378579945595
2620.061221652435
4095.775229199461
4222.709296716016
43.44883318853857
2793.909215574418
4027.2281153619865
4182.316786994659
2440.569451774105
3223.666014024984
3615.973596133719
1736.2565198124628
3909.1668972574435
3037.1473859920598
256.94283347377825
1632.0034294790316
890.1100897626309
3396.1471972172744
871.7727799393004
2118.1254504893063
367.5443840139643
3975.556991132848
234.0631014796479
13.922013889442784
3828.2741581315477
1207.84424637194
1294.2281248881013
2617.31962578031
689.2210725030636
200.20309625317105
82.94893260691805
3460.7313722750246
1359.9465434699127
1866.18079493785
128.8245538458035
4143.562772316435
397.9830884215426
2283.4800285865454
