2166.9848967746602
3274.3251713131617
888.21413730525
2814.17952111607
1470.7808483357119
659.4650124818264
1340.205498595578
3430.609391045301
87.30854337560146
2998.594688067994
1648.0812094552082
3860.3265368000825
2113.4356996910847
209.07930642647045
3910.5411676286876
1045.1649932580553
2602.4339905914553
2461.2459250556617
3981.8128865090216
380.0589632813308
4056.6308672209625
3339.3479116000444
2325.8636346152816
4152.165931020132
1351.0840853563584
2715.1424731831494
982.978739132395
657.3724080740004
3755.7329176363596
4027.7060396087636
4222.709296716016
3115.0891594191417
2563.3266752261616
1822.552345327645
1597.8552701701915
3828.2117342796346
4115.150156027108
1204.0530466814903
330.2711382695335
3948.9659422677687
