2455.561645544588
3160.0587921356505
1652.076833453086
2303.7954389608203
2123.2174021992632
1171.0426032796
3874.0217183350546
633.5162073939882
2922.0667196715376
2031.9005495531767
650.7817290387869
4178.027764181859
3393.440565441355
159.56210223393106
2464.20800424154
408.27131732611997
1711.713398296251
1895.1253251426733
397.9830884215426
595.2743512331298
113.88654812463747
13.922013889442804
3607.30587972789
46.37110299185515
2644.6117371681744
3397.3211388529535
3320.745538903166
1993.2250830938988
3977.3412873848292
519.2045968167951
4049.2031503913495
3348.364878935109
1025.143767036848
4078.385690598225
1287.208940926362
4129.034800719938
3828.2741581315477
941.1764639993561
4222.709296716016
3924.1332632665644
