565.2173382141161
2030.8467500576621
394.0758819048432
3962.60848543513
4222.709296716016
3420.57508428052
3140.532497828938
2768.2347836918207
3993.981994418441
2951.3190800422262
1909.0870889469034
4069.4533314002233
555.0535591736982
4112.34565293309
1438.149823882168
4192.292966479609
3858.690488367954
3442.4879330928898
3928.300969324987
152.89685242503626
2409.3198884483527
3875.1696749984144
571.884468877986
971.539165487855
3828.2741581315477
1796.5740726348818
3238.1777047006262
3388.9998401196476
4032.127239331335
940.1896419833288
2692.2993063446147
2676.465753856699
1124.6758728132959
2973.1612265630783
329.6342999010131
587.821973232726
4155.480842460867
243.1260927416019
526.2197795893505
3354.7015127249633
