3616.6887689924706
3865.6362765566428
3537.1122638061684
756.2304308496442
3662.2384131005224
3575.13362860617
2087.2334278513404
1866.8212906990548
3963.360703309527
258.09751370655675
2468.1506800096354
3911.791248606832
4026.761244957111
2561.7654615477654
3209.6650857990176
530.0159678592055
3828.2741581315477
2969.3853422873
1212.0484435996957
1294.121627334945
304.09679744780965
2820.2664847875308
3718.7956109365987
4222.709296716016
532.9536364433718
120.90355779451029
64.70216391691496
2689.6364028393937
3050.866360726161
2929.8057832316763
155.35240344808952
1158.685799791625
1229.2661563215606
1138.5059056520247
3384.2258983643833
1261.6087943925543
2341.0954486731425
375.48458555915147
4138.751423319767
397.9830884215426
