71.61955356684882
1239.338249826326
269.5839661578039
1000.910227350533
2713.50729922207
2418.575728289406
2240.8783835744475
1091.0941137880202
2989.603099864375
192.17422233537323
1807.1359085423603
4222.709296716016
3891.4415895218895
3707.7572074228437
3828.2741581315477
4059.7273314430604
3620.6864453928792
323.65276436946834
3235.808587537429
3973.6827608753133
3194.0520579519357
3266.7904098451595
3697.6541025250576
236.35161612938305
4029.5007718995835
1176.6734548211805
2090.4242528984278
1571.5970914886645
2675.7501571084686
3169.2119570569994
64.98583615918278
354.9501308378932
117.76334650506983
4111.561902209434
3531.179558846207
397.9830884215426
1384.878392663603
1726.560411521677
3938.1836623293448
3062.6140235712073
