2125.697758224908
3954.6593000689677
4120.247059399731
688.9699903808013
1360.4679581388154
1439.7265513999291
962.1592978224655
1156.7745422196804
1177.8998402932034
4074.3696368519936
1562.5003415621454
3025.9469151490357
2030.0984640686402
282.94693193968106
202.94015401832547
3212.163306190014
3860.4271515351115
3432.1568893803897
2457.1800334887066
2608.1701628634387
397.98308842154256
2630.2322839529306
504.1732975877806
784.2141759090158
2546.0828152376134
133.51648980425628
3828.06410391375
4012.7019524981874
3136.9596419515306
228.02800198839068
1232.2138042372123
3910.2142092879108
2423.7622690178764
365.9171173731983
1588.5218947783344
4222.709296716016
13.922013889442773
1242.3053065454608
539.6350227652051
4174.886608060358
