3108.693373654762
61.05262805376224
3247.3545964065033
1040.0019245762242
2992.9278860579334
1822.7319977602722
4040.0753091307342
81.12390435418374
2506.387316262078
4003.7864501238078
13.922013889442773
1223.4492356885162
280.1328679031197
331.8859093735134
820.6438217659853
1267.439252225144
1567.8609444125823
183.66987143630493
1346.2398370210283
2173.9045534381803
1410.051353162543
2425.1187954124307
3179.216981078548
3576.4886924869807
3421.3915363045962
671.8162775149142
4222.709296716016
3828.2741581315477
2692.4687726492884
1916.040633254397
1542.199008304568
2418.0082597944197
397.98308842154256
2855.2251681560642
4108.479956619832
1496.5208917813018
365.4621196458634
4183.809798917004
2873.4523560111234
513.0935647845165
