2178.4665496690964
3713.0405306819853
926.9287822341447
3969.997344992772
683.0512533481976
3304.2350892478457
1631.6304743641417
3058.122806267924
3995.102949870706
3828.2741581315477
245.59169438298653
274.6202757355145
4047.314778126276
2784.319174059282
58.39573618652427
1796.9090773894604
1222.1074525045815
2855.722871284654
3176.9020297897264
1040.7995321578496
4189.878269880909
4151.174473161122
805.8412196615773
2507.138112862864
4100.884441051939
3085.3656868616004
850.1523031244253
2069.4233705058127
2309.3510069611793
3924.5135181541514
699.6660406341985
3375.012347144042
4222.709296716016
3575.4755175143027
655.6914266868108
1551.7895854056903
1364.2863137352967
2552.3808862498145
2957.420169579761
397.98308842154256
