264.41779154362706
611.6733030182238
4129.46264009007
4192.292966479609
3652.5546338067043
3894.5823697002147
4222.709296716016
1179.1615040372355
427.9381688829377
2206.9691247130504
3218.234024229795
1923.0841960068801
1699.233179879959
1704.032475308942
3948.109861024168
121.41929928354821
1722.9694845119066
4095.980154863287
1267.883493238824
1727.2073276167796
832.330652156694
741.1524220202264
1365.6890401988371
2468.896424436337
2341.577734589608
927.5301789923462
1847.9048766196638
2593.0877310311553
397.98308842154256
3097.830286189077
2713.2988225140953
3537.7899752901567
3422.987951623486
4003.666662107482
4161.876636243203
3828.2741581315477
360.2787548573875
387.33896282774697
1544.986395903687
4048.540086299021
