3615.706803599101
3227.321177100278
94.62547674042307
795.4092057285873
4222.709296716016
3809.896406986964
962.0777440737006
152.72409066537938
397.9830884215426
1731.7813166767905
3828.274158131548
3448.2315536062524
4051.0500220967965
1971.5204710163398
993.4521486791731
2133.4826905479244
1014.5448269120642
2877.741130978434
1946.85350257279
3943.6145585535473
62.969931178352226
2859.802918760104
3838.3728058378797
255.55518274067236
284.1282645464544
284.5890199170632
3196.6654706637237
2929.8457982306336
2793.5651463078425
337.1772172652135
3445.783731400664
1627.3965269557073
2464.0513707210193
3553.894163730045
366.70403656430943
3988.0739439944828
4133.077085955428
4179.497222937758
202.90418927655355
1382.2045929333617
