3037.436824687361
3897.3414598084532
1310.216481698681
4222.709296716016
2280.806322211769
3277.243772223974
397.9830884215426
3152.9066688029343
1112.1149287965195
287.6180574930991
51.03630024881018
2306.780328879398
2715.0890728726745
3685.175765150589
2551.4717645525852
1877.118197810476
2161.905263564908
3456.6650975770904
2325.162339023374
3858.5279064494352
2493.2576604119904
4129.391928552161
3828.2741581315477
4005.6518806483086
4053.235705066092
1966.3831782735815
2489.368177674307
1559.3594699079367
1473.4422330641794
4082.705466608654
1390.3455659723272
141.78603591282425
452.70297558165544
2870.892983689275
13.92201388944277
579.7577088160566
3594.945849452263
2657.723896516707
1945.5233455170733
721.4636602762256
