2452.361415088591
3655.676492062837
1808.6788649601876
4080.633657161579
140.38437327179085
711.8392258493237
854.2207682807897
553.2625970247351
241.077670242623
3980.9549043721445
2391.911358224074
3828.2741581315477
185.6755438285075
2896.7714104421925
4222.709296716016
1927.404953227249
4029.442199553102
1580.2128543184594
3256.0717757893776
1451.8547717821148
3169.112364662478
3601.1439912923884
2801.659523555957
1670.626237508843
3420.2582905848208
2552.1933132785875
3932.232469897506
1301.6291332679693
90.26247704147352
1069.914786808387
1116.2697580577997
324.57624895317963
3377.9912538041067
2057.088602425179
142.10694898336112
3064.495662315081
3860.4117194769415
3399.0958303502834
4176.047324763559
3196.3160006493626
