2337.3023312059167
2329.4414640088767
3540.4475962737624
3920.9012782869063
315.0099901302058
3932.5369448402726
4115.714619922835
1471.750487993893
121.83451868976952
82.86831495535465
4016.5511399388465
1115.3821094166594
472.73911341446967
4055.8000465596747
3828.2741581315477
3631.467328888582
872.5760168176089
2461.1994801156734
2914.650117754686
1376.047318821852
3051.7769605157378
1610.5172650642862
1338.4938333325342
551.3052298635845
970.664224151497
1829.5101588225361
2955.0381748282684
4169.428253050697
973.1975296152718
13.922013889442788
837.6903359958295
1501.0600709044968
172.4240715772006
351.7231596119669
4222.709296716016
213.6362789798864
2206.8661554279597
2785.249727794274
3357.6451172125776
253.7122526095676
