165.9633481746829
1822.324367527879
3602.353656417174
616.3750021651706
3969.668995140848
2812.9050538477854
4119.448442291119
3686.8784408393767
1610.0780466459642
3828.2741581315477
3921.898246182873
2307.9221205878225
2038.1391159037203
397.9830884215426
1645.441675514037
3756.796652881667
695.4480502272908
3342.6522967210326
3876.7380029670044
3923.4903970021805
1327.2858791865665
4222.709296716016
4047.966014916972
2666.219268060836
3348.1582046630087
1400.5652974567452
775.2477900936622
4010.316658291994
3318.6338625988897
1461.1425435467188
907.5551074415545
2591.525419488687
575.1138598274181
3490.4321657460246
1037.2056156838553
28.883607174876843
1536.7168300596566
787.937348836295
2581.3523389070274
688.0612262069903
