1598.684734121096
2094.285969428464
4115.979092671142
3215.3246582067677
3920.1849516969237
3825.6429816164064
3977.435277978004
3870.549389782479
600.3532763533067
397.98308842154256
1661.7866525492489
4185.565500713066
2994.52509106683
894.3508458388858
1016.0876597971633
1622.5298867116064
1514.4505695430043
864.3606343237212
1784.0939981870024
3534.9146414044158
1112.4772780218657
3288.29673263898
150.5065180823201
4077.206698832358
320.87302304177274
2693.8081642778425
704.1657938340356
358.5241670635838
2857.917167642362
1954.6084103923702
3828.2741581315477
3661.6114891955253
2460.5691726380396
3618.6730434201572
4222.709296716016
3066.466342542512
3406.4170860900736
272.0035226713904
13.922013889442796
212.26783576110614
