2185.239352231286
2459.278646685953
321.4564399901511
4023.3767676252983
1879.3412002378109
3313.085090184514
4176.072558473709
1652.3076267100132
39.874588668789286
3229.0099361032594
3162.626564533087
1413.115516778546
2053.2169946065683
395.95826028758603
3352.9087677788125
3726.39240523727
307.0861826847297
4222.709296716016
4056.9195306347074
3146.1940821448347
2727.8897187867306
880.6095872750899
2062.5535587244412
183.46159015366658
662.4720354784814
1245.6063042245823
1875.0508028408196
3364.1579927357843
1154.0594093524182
2877.4265666988344
3880.1358466276633
110.7752534376934
3442.0764791167167
3828.2741581315477
4107.829470528649
3930.274611841514
250.1477892683847
3270.1329707925324
3575.4755175143027
505.10428035305756
