4076.9130965876543
1148.2897230440958
531.4427036066979
1843.754842146815
456.51837818277284
2430.183813949451
3543.580593011501
3098.67992684426
3947.262138294061
1045.0892652068435
296.1037089785084
3643.461736868724
2098.2878856517946
3828.2741581315477
184.6115047864355
82.81003619297178
3987.920859574595
13.922013889442804
1678.898386075025
937.5587938249703
3047.6009156380087
2520.5298976128925
2302.570392674371
4134.333068161605
520.4107971819875
397.9830884215426
4222.709296716016
2651.541380506307
2536.4218433556553
3410.197971461805
4168.117128570629
3878.676540200379
2763.6725605653855
306.15097207276284
1485.9992742286101
699.0234018493073
3907.2043137799524
3861.762052878305
674.4176924637684
2901.835521528873
