4095.8561294250167
337.1551291850619
263.6269516759295
367.9301629913574
824.2780622807984
4192.0701090871435
2280.521926525491
982.9610417441131
3167.3035999955373
826.5360090273616
3615.0790848299303
3566.774806000957
2715.764006952782
2134.288724735917
3828.2741581315477
2447.0914560001715
3933.748985403793
3340.2960445823755
300.16615736737117
3512.02114237205
2521.2226111818827
3892.111182784908
1192.155715862123
4031.122180534028
629.9429023458949
1730.932151754803
3683.777623415001
213.56947463255744
2423.8391609624773
3657.246581447784
1329.147328093541
4149.38729051809
1532.678398504259
1901.2084208396507
472.1118655042565
4222.709296716016
2835.596579977626
4002.1139773021114
1314.9226263224489
1438.9955593243112
