4019.4934677896276
2208.3288931572615
4217.985284975627
2239.9440416795433
502.0580945128563
208.29854009852892
1851.7724339476351
3575.4755175143027
1767.5365561928966
1954.091380541089
2640.23764331755
324.62050065213884
3030.0654535896115
47.07472985926482
2490.68722819726
4066.1129824937534
384.42680959942953
1385.093121421837
1095.7754450691195
4139.685183660971
3828.2741581315477
3951.4033734717295
983.9964616257179
2293.9808751564346
13.922013889442784
3223.1625203246913
96.05207485476653
1292.1264570765254
1043.6621405144717
2076.9639521363483
2490.3334431402645
144.1388181694167
1591.5125258882529
1485.0373182746202
4103.610326687315
3322.6845208939285
2339.2943946859614
773.6624089824444
1188.8552679070367
4182.31078267445
