4191.985683889811
1645.8920380499276
3130.9516442377612
3828.2741581315477
490.8516116006915
706.7434530231008
594.540591517414
2508.4769269143376
4031.327649008618
3971.862378329383
3045.1464066134936
2042.8088298933021
3120.6284730246257
2513.0237276230578
125.41605121949553
1294.0573614480531
1713.9870756264215
45.48091276015952
4222.709296716016
904.3082422221617
1215.7127876121008
1830.7874228177056
3392.9590371270733
4157.207689434349
3349.2262139436643
1465.2588407024452
3278.6517331551618
221.98010891265181
942.0347518979506
2666.707963866741
4126.791357146906
85.09306409771003
397.9830884215426
4083.6517733734336
13.922013889442768
2541.1566718721447
2821.560764331377
2276.6586816909976
3527.8607434512064
830.4123978937349
