3519.756526962986
4222.709296716016
1664.6562174370015
3876.668220597719
209.97217146460255
876.445719424769
245.66299452745807
3858.774651510989
1917.4550919492174
2671.571948795984
3828.2741581315477
3633.561995990469
590.7389415520005
1928.8733537357768
3482.627116161566
3351.363616203863
4111.811780526841
1383.3677098047283
1131.584053624003
2189.1801744692543
3330.7971670276306
2873.100802394502
492.5408275994545
3243.330058108455
112.06558798937778
4039.0855662569575
380.59180451833896
1809.8950811031668
13.922013889442768
4188.700690178034
968.2848666504009
2962.3474028270125
314.3665340350008
2324.345327168539
1815.3709167702054
3975.7012267349087
148.00885888207816
626.4879418199963
2554.520363205824
930.8418104442915
