340.579270850823
3522.5568280658044
3667.712105962112
4148.002402812246
1535.295418658327
1022.6513377306618
4186.967680408347
2535.0663267813084
2461.6318861573404
59.22226245558171
283.69063068999884
3127.2003872884106
372.1743947531604
4098.609912093826
1226.7535607800123
4201.948924273778
13.922013889442766
1772.5850433440996
211.9004408171247
2851.2744707955408
2390.851289630952
3994.3568841807737
853.9510044934425
892.6470023134132
446.03908527145836
2849.499355081428
3923.2300895038766
217.35452144624338
774.794799055719
3518.392506009237
1361.0387220797727
3828.2741581315477
3876.214829645366
3190.332141425768
749.1909365929324
4030.574156932628
672.7625957624342
2672.477510840242
844.7478925519482
397.98308842154256
