4138.111949436349
71.07889928130254
4098.310089278812
3063.021327683603
2973.870001807413
4001.4484779891964
3082.1799652154587
192.07798075674535
960.0375991484465
4170.5753119980145
357.78743249466436
650.7817290387869
2066.072260145773
2923.0868181912297
3932.7163335330415
261.6040240347923
3585.1283820465096
2578.4286784647566
917.0536544243402
1137.4983552916988
4131.71466068457
3395.195374060706
1657.1847500158444
4222.709296716016
2790.635911650015
3469.1385696824964
13.922013889442795
700.1710367999232
704.3449160866304
1737.7837609827905
3828.2741581315477
1518.08555288547
397.98308842154256
2229.9550990923135
3734.1662675891803
2268.8748908681096
3860.410976247682
2346.7442660446904
1635.6016754335383
1230.971848990047
