125.31495047170701
925.2662051483634
4222.709296716016
3121.8814340953104
397.9830884215426
2554.0932004658853
4014.2611428217406
3019.061930951057
1241.1194532087397
3867.703533911119
4112.103277946333
1824.0902873406121
4080.994327801352
3463.6516241806285
3362.970346176564
3195.7814566775774
3083.138766839191
3977.5090804213573
3828.2741581315477
761.8641088672213
83.15148408828166
354.01045053675057
2844.031446410614
2949.163284291284
3968.1322731112505
2414.6923655119813
3666.814972101515
307.1033591994511
361.96857860145246
3555.8064016369513
4178.826278259099
2115.5041588992653
1655.9774477821454
3114.534118923293
3073.0582841108258
3907.9531520576825
2937.9927572465076
1501.4980102302102
1169.1882137431824
2283.9452326169744
