1320.5383158448833
3383.931760783663
2349.815315993895
3924.4980723736935
2840.5325701051243
2062.1522341727423
1768.6480174980918
1223.3884086719759
4075.081478662718
1409.5335471076887
4222.709296716016
1150.1444522210675
4143.033228471896
3437.6860384399542
3828.2741581315477
70.03932384614248
3973.8742079583253
559.9928043004757
3736.0214152789313
908.1180377209037
1519.4506104376412
4191.091260549822
2556.737865977886
138.14650065657463
397.98308842154256
3007.5220093164853
3049.1618049351937
3631.7578846939273
3550.4257948946993
3193.643942817294
3858.892286992632
2157.4962565149845
229.953423644582
3089.02020726946
2291.827936770079
2706.147297972996
664.5727442214859
3898.5721320401935
759.6231646801377
1926.49598433488
