3229.009576995468
297.4901622276821
364.9762347245503
3160.1726900840144
2910.943701104216
4115.980309766018
1568.99095243371
1260.8234672442934
109.9211426007944
2503.065627948841
13.922013889442796
783.0233075757525
707.3351755187481
205.47901376341983
1234.3496226153345
3375.2382215022444
1321.055319543283
69.01705540872578
397.9830884215426
4081.96458090837
3828.2741581315477
1766.6215605805464
2132.8808863990453
1126.7735213233514
3866.6956096837794
2351.262432516466
318.3109428419858
3027.177700324417
3983.4864411462854
3912.1650387842164
1967.7002927685817
629.5917036534478
3052.8278262718886
1484.0871226322956
1439.4778406785276
536.326343112181
4222.709296716016
3490.138985799645
3378.010397825926
1451.137626039666
