4091.7366794186387
4025.146072621261
239.07421971013048
3775.420865432898
1518.3500140743658
4150.76797882259
3486.44739806098
2897.5813262975735
347.12858991882854
803.8066942302376
4222.709296716016
397.98308842154256
2410.541828301697
3828.2741581315477
1412.2677173613429
2291.6557945747395
745.8861443245859
2516.6876026277523
118.39180220073504
3600.5397667045486
457.4424767906577
296.3829897839026
3867.6104634566714
2783.7787381277417
4192.292966479609
1551.0250533469073
13.922013889442791
3371.984053075683
1729.347035053252
1047.778655554014
3914.8065308949913
410.3535896852713
3690.8540941171464
3024.4520982310455
2839.9136094855785
3198.6749415364284
1868.2554548614553
1594.2988232493353
2518.6809200942744
3962.8751879232614
