43.68659975991916
4222.709296716016
1008.6889086487092
4185.36626291619
4146.637943310842
4102.541130653747
1178.6161251117508
899.0210264723136
237.59930861286264
215.12627044016259
1373.7156888130976
2196.1587115798347
1247.5402076564708
1642.456684853995
635.622835873859
293.5073723381967
2687.4037348132842
375.77875029286525
2595.6194078216486
2713.1285113068316
4021.8542272050304
3366.073843662296
3893.544706232679
3857.088631223274
2111.477481634168
3828.2741581315477
468.99279470656677
1716.4950476372173
3125.192117511914
1425.7234922999623
87.38672453500185
1548.8378955325472
1019.887370029068
2310.4459163586685
1311.049289308181
3652.4075525971234
2684.4865602313494
3646.996061130597
790.0681248581034
13.922013889442786
