3962.7740724316295
4140.796793789848
3858.4533073522825
3898.8936276081313
4023.606572202841
2436.1900612763707
3494.437546013788
2280.088432521348
929.6299182444641
137.88698729408134
3551.0098182041993
3531.4261943995725
187.18257005020465
293.42193940538533
1076.717502778792
744.0535069071194
3928.9652421711426
2655.730576714832
1825.2830529273
3139.5618412497465
3828.2741581315477
1391.662039678779
3401.1107971852416
3172.6422803999
2543.3541372370387
3992.392475811861
335.18624664147
4064.0718754934646
3341.271971001149
2423.8927030049813
4222.709296716016
66.52347319725041
1297.0919683929365
2047.841854665054
4187.108212527964
366.8698316116437
4106.295293592735
241.4315151699984
216.13354534519516
408.72888821424624
