72.98714423652589
4160.080103120873
3990.6758429613615
866.501640346037
3529.2998931660804
488.94933792665995
3168.800533754142
1109.2468657455938
1622.399258749309
3904.1050091732714
2586.9897797142185
804.9328209137037
305.37154310898563
3152.468784352607
361.8052635023748
3828.2741581315477
4025.9613150294153
1136.0725284886157
1774.5777409387156
13.922013889442798
1917.5296978157062
3710.6001341637243
4095.1153435734936
3380.2138473707328
654.8340498669897
3258.2139034313577
3895.1287099643855
2753.249814816159
2339.9174592867266
3978.2674217442864
2417.2804486996138
2059.617717468276
43.44883318853857
3948.4075315819964
3867.8687134185634
1559.3313255071193
922.0797612125546
1907.9685388517864
3069.406469276739
1434.696441171703
