3575.4755175143027
3895.371411710725
2358.2742185645866
13.922013889442786
1663.5677280146147
2821.2273363565464
4090.367551886198
385.95762708868995
783.0212718966634
1778.2550523842433
1082.4471007525813
3828.2741581315477
4222.709296716016
2471.6694185055426
3374.8227349109484
2714.3415879657914
1410.6430292700788
510.65687798832437
497.5494722305441
2031.77757083626
2145.3005808584494
4011.4764363262393
1216.5146277888734
2390.400945109789
361.5478027556561
355.5169781493471
1792.6097889207392
2241.2511556312775
4135.2398799014245
834.118764581504
3302.7932646678387
4171.706290200074
397.9830884215426
2564.8725713422773
92.08290699960398
3152.9323777441555
2166.599868760912
177.7119459297581
4046.602181171199
2947.9797404617325
