3189.165796477137
3763.5842069715086
3828.2741581315477
1196.8674167833958
287.0255501879968
3666.6487307824905
1442.553315860523
4130.665604776208
370.99048139332973
3984.311256646505
3528.5086941683685
2940.7968763298827
1588.429024060585
3068.3698717509083
231.0326777571812
1808.5618555692838
3677.6000473228023
329.9260749645302
4222.709296716016
802.3681914871297
515.4842979446316
822.4546377885813
3534.4123042955057
2198.0706780800892
397.9830884215426
2728.0898793930364
152.54086872271682
4188.736747956249
3781.181944605839
956.6163741760029
3931.935508585595
1350.1927532621014
3824.2247923684145
2587.583379872212
3635.7425994435207
2015.3325322244982
365.10479730210875
3858.6904883679545
3448.4004677698804
4014.5322833275386
