3517.450922033659
3215.3864484204787
15.161119636579361
2936.3164898535642
268.6996860287852
1242.0812718965303
3858.3508795651087
3767.096077804612
152.22928044111708
4198.504342004421
330.831977212723
3028.683321771662
392.18987465141566
3906.1813982525928
1848.4855748195723
1450.1713409383217
3222.0886787908385
1965.8855926301644
2496.946313279948
3990.1426892588415
2782.3950977716863
3070.967954476819
739.2575145783143
3007.6153036823516
1798.5511308277664
3793.480264688372
2575.7798918395833
4169.911526397153
1791.4286406216445
49.47717774258594
4018.7815516500773
3828.2741581315477
1981.577827716147
4108.695030248482
1345.4721681864457
1035.9907013160332
3959.962497866374
2113.035882196065
3416.062385927854
86.39196582493385
