3673.1077924043175
2203.1055519580464
3935.6501771983862
1737.0159213805532
2551.3858192329285
1253.0914658232105
123.49202912750832
3861.5268394664986
1261.8736469500275
640.3365325993555
3641.9389940772658
242.32650730574824
3916.800230072179
397.9830884215426
1355.7595092016184
3828.2741581315477
2347.416792728293
3341.252634403952
2736.5328463531846
4222.709296716016
1927.234026234613
328.2558573147415
1977.2749802480516
1737.0323326011307
2901.8607240369593
4186.7807448944095
4067.7012464867444
1060.3819691446595
3585.116021196175
773.1917650481279
3329.6025141649034
2971.1377085470945
4136.26934490669
1061.7405030659472
755.6714984431728
702.3034679189738
4020.9722323562946
332.53960911409814
3366.58417242578
2732.8367828803957
