263.25246480849563
4024.020590396686
1104.865722421644
3672.4579870737844
2989.6410904349696
397.54196445726905
3466.254079518276
72.30289545835392
4196.08871586209
1769.8370216088601
200.87448513903541
3310.07453967968
2880.4534592541086
217.0603215276472
3429.2335277909824
3107.515536350756
397.9830884215426
3258.722759770713
107.46437049115747
3816.0412237679147
161.26651067074715
3828.2741581315477
2168.549132180796
350.1441403708324
309.0856885054004
3933.4813402099544
3573.0466349565354
4185.364480382736
2669.8697425198775
3342.1541190396792
1608.436177719493
4122.542536291046
2342.1962887524564
2069.642428679901
895.3598356183402
720.3444133525703
1439.8196524261934
1441.4249892066077
1621.761525089722
3881.714419877954
