331.4517112492182
3374.024205182855
2538.6943938183263
3539.298200541519
3157.6203553844493
1906.5429629711557
1576.2683046101617
3566.0164278844723
4052.0694512514847
3272.1481531772974
1906.250594625736
2710.9693804957265
4137.010072315137
1908.176241554171
1173.4339518287104
284.43869142594065
2364.1668349361016
736.8222844815092
3197.89011715571
47.18408805281527
156.52727306373686
3644.5288789190517
4175.620691357901
1945.598208505839
94.6410322924133
3903.4805994041135
3828.2741581315477
650.6566387627247
3952.7635518291613
4222.709296716016
191.66270898386864
3866.2960161082697
14.02646697000364
998.3413339526055
3156.9364830614927
1940.8472664053402
4004.775214001639
4092.110327018492
397.98308842154256
1462.6935110149918
