1156.7402605810914
2386.9979278585583
2203.2215363566443
1547.3321168902146
348.0504279840957
2256.922267114642
3551.6475122155507
1226.603310688812
3347.4384258832742
3578.033704032793
2610.3483718319303
4222.709296716016
2749.326719896953
1998.8914007365283
3580.7898678815163
1527.7008886241435
3607.404742200834
761.5823343632719
1764.183529104223
4181.990213396834
240.70945080526062
2915.7541941740383
4025.2780091040477
3870.6691737334445
3528.2065161162864
3270.5561209224948
3656.1732979834414
135.49388929718947
3621.3426567787633
4145.237328083095
3920.9037483989905
4095.5002925435833
1423.4526833133036
3105.845785512125
143.3860163369558
3828.2741581315477
1902.869122248362
397.9830884215426
947.4321896088597
3421.5756956379278
