3349.9601446352053
1819.3733981251737
3535.309526162409
367.64057803612167
3357.23364536465
1217.5261173040008
2516.121345076668
1002.068317766415
1340.49124070786
2477.325207783751
3212.772578111387
397.9830884215426
3120.953179334865
3828.2741581315477
816.2362524954966
3519.4763909202557
4213.527592499441
3895.9417828558394
442.0276089205721
1661.903605909351
2642.870847264282
3467.83371650584
2358.4762212146943
1093.6752528717946
2133.5694802645876
567.5459974788632
3531.735275125314
3542.1196309871093
2514.0505316519116
3442.0169829045385
92.82582259998503
4096.520038999513
716.1543674208938
3945.4941462380484
2238.3340543305026
2361.0649040336075
1433.5089260455127
240.84962983831144
4129.471368195798
4044.347596953023
