2058.5544960467782
3418.826234944667
1012.2000789035619
2956.5677545668786
284.13521499411695
2194.925437976512
72.21491592912098
1217.5743058551043
2452.6263331672662
4062.7608508826074
3638.070961979654
2291.9649979169476
1686.1687061612886
1492.2970894970001
714.6766930364658
1260.2932912324557
170.9749046303885
1565.52673935145
142.81533627513497
4222.709296716016
1073.0530583984003
3650.0895076450515
3901.919327934769
3100.996603754589
3242.617411755196
14.29594184419544
397.98308842154256
3488.517918599895
4160.218851619719
2643.8392378323733
1367.8989856701292
522.7518772777455
4023.953417892597
3828.2741581315477
2016.7269542609597
206.52136248993597
4103.328823348542
3062.4361063365623
2945.2579815024596
356.9458042664474
