4199.547024167206
51.11259267255544
2689.145662466201
3256.8891975777474
3828.277406808126
397.9830884215426
3263.912414031499
176.8513514939447
3900.1136640484838
1627.2900318390814
669.7886362429346
675.6908095147663
330.50328930972256
1611.7187558839587
2749.636840138486
2072.775413787685
3553.088838733213
228.84191720273236
2623.7065906711823
1409.001904807108
4060.197942833054
823.4869881948714
2791.745221547336
3978.380148164958
1368.087812776189
2474.4808589133268
793.1027491463307
3406.983931798338
693.3773584903308
180.1482503772034
4126.2807912102735
2521.0525846144124
1037.2413417465978
1895.2398444909863
2356.748861382636
3170.7078699636763
1480.2335436762362
3920.8051519410164
1536.7353716187085
2208.2358358837314
