3492.8141780353467
13.922013889442809
3878.065680199768
397.9830884215426
2899.4920128158815
355.73206330235814
3547.1937026434143
2829.458538363522
4222.709296716016
428.9656845250797
2939.727901519241
2594.3715424245506
3666.699464186679
3656.0260329961625
3992.3313476183857
2053.7450476422737
3271.0718034525557
3433.6533492280064
2064.3834731177176
310.30023059272713
269.9819760060799
1468.4955705273355
4157.057662948657
59.5425050278213
3939.346461846007
4026.0872100362526
3494.772825493561
2027.6889824757936
3522.8672847918906
3828.2741581315477
3496.2063884202917
817.5767331259053
108.85110415992199
3076.367147490819
1251.6470399976567
1647.309588006353
3737.5222935871316
1147.2892728889074
1983.490001496266
1027.9560219183772
