3386.568392411721
4222.709296716016
3486.4069708059446
597.9348190160233
1658.7356123973254
685.4065738275137
353.6544974419113
3892.099965770525
4098.078546299601
1878.264468185906
1591.9303068002457
1421.407302337715
2169.870368430532
4033.987497012701
1434.6947243580096
3175.721938751836
977.2768560366598
4110.543605017748
187.41022413132498
87.13213684898085
1500.4491484250689
3535.703816372652
3038.7209765386015
2367.222938246677
1171.349801962608
3952.817486372095
1309.896616389969
3828.2741581315477
2538.806597899551
277.4500794763929
43.61629775709332
1053.1389319604184
833.1088801406748
3953.805397324566
2994.565568215776
397.98308842154256
13.92201388944278
132.94383503301884
2850.393297044968
2668.7009320184984
