59.11218175738202
4071.5248633484644
1852.1224230182238
2156.6279996626113
108.25826269216266
3024.8867859881034
302.2399632820453
1362.8150930570082
4153.544128516549
1234.4650676384772
2824.812409466595
1040.3003609887348
3121.431371615335
3002.275958552913
3828.2741581315477
4036.518050785278
3810.308512150348
3953.6471563751847
2409.7341509342314
3213.879435375462
978.7774317413824
2022.7820754671668
978.2042098373422
2011.4823358423828
3984.0634866115915
2529.0086752707953
397.98308842154256
478.7710728343174
4112.827076863245
2681.712423983247
4222.709296716016
1667.242634084232
483.18959454893513
346.7503870478098
3860.4631206347262
1509.0230823231295
3900.894754194145
18.57445057263063
144.38014533753798
751.5019362392683
