3575.4755169957434
574.9864483855913
133.55180680475252
1028.7455186190955
335.88112306166244
2751.3675321791056
1639.8872878707195
4007.1728014584196
3510.687338294203
4081.0209195101083
4133.777547147619
3828.2741581315477
3885.3794672840445
3938.876445791805
2562.9836370203634
2891.6294745617233
551.7394542292875
101.72926173296676
2066.656200322082
434.75661183896534
4222.709296716016
3740.183316123338
2822.524349765474
1267.239584671359
1411.109672973839
2725.117047518301
2416.87753406563
744.68068583083
2760.111734726326
4185.025326781696
274.22145272503406
2869.203656194999
673.6922684410318
397.9830884215426
1918.2048182281553
3237.1152009995176
4005.9119527932307
3313.269242308165
2780.7739127414748
2703.5939584695216
