4222.709296716016
702.8260933788608
3645.6466521517896
3873.989479562486
469.72288445909817
2597.076100515132
3184.010225887387
869.1957181169864
1888.1458729754372
2904.157820685831
958.9102578875317
1290.064595427069
2008.961361166755
3272.377555231414
2346.29196457938
100.64176057600635
4155.625736478422
1086.4152995858244
3532.7249633901242
3914.6465931342213
255.98223599402783
3384.8990733388537
250.61813934531216
980.5306319167753
3215.911128248169
3828.2741581315477
4172.438381778574
80.64904907803792
4063.642477218833
384.651354352036
2745.919553532134
3992.421967330911
397.9830884215426
3256.266593278795
1039.2137658875774
450.7388342627788
4121.615366516758
2994.5413253624565
13.922013889442793
752.3009374376613
