1166.8171057318918
871.0090678357743
2570.009224394961
2539.541299089779
3893.53053943973
3871.437052078006
2084.563449192957
3828.2741581315477
2844.0530005100045
3289.389122669063
291.4026441527599
3513.3540515819454
157.52836301796287
4222.709296716016
4046.226538681398
1091.0820637594538
2108.204729812918
2864.765475220216
1018.9575004385069
1840.4602228696212
325.3726648639323
366.74889116910526
3798.7182700352823
3955.4437496393025
3488.6357972751275
2764.7329982774136
2438.419579534573
3122.5576190622505
968.4028321654314
1956.2335362069416
480.8411858488941
4191.643180260569
4007.8680247584916
397.9830884215426
4093.5906432542447
1353.9210980590813
3661.737045367717
235.6640838481057
3858.63776891386
3063.591747996274
