3570.326321371016
1837.437009528413
2823.3301038013565
25.550723647611736
4222.709296716016
2278.5273360095466
3207.1313233790133
314.1038402657348
3823.0156641563663
3935.6354623965462
4014.2789857155376
565.8314346378932
880.5734382724067
3199.930472369049
4037.6813038328883
3292.221870854955
1566.0581571698779
122.54998975598981
1902.9833684013247
262.9454056022312
51.67253500327134
3983.862655479131
3828.2741581315477
2633.4615083154977
1457.2004799764168
4139.3404589891325
397.95791378796616
1714.4062970281057
4078.3266240963035
3888.7160625268375
3588.3928325077
4180.077447022168
3693.5053908797436
2745.4264143448045
1199.2632442860786
1062.0968887758177
3423.799523195435
739.2133480407352
2597.2121239828857
2831.611648518858
