3931.1799957701705
13.92201388944277
3893.58004705236
372.8970176398641
772.8568067056675
4019.3488889446025
591.8512399282075
3662.284677675197
1658.3423653667587
3986.245094415301
4076.823803117112
3262.9347340795093
89.6073286366038
2858.3242567986167
3418.1678788912805
2197.010974410887
491.8235920448558
4168.512391931717
1961.4314045992
4116.627999464187
3857.8255627864783
1924.9790640741505
3828.2741581315477
575.92309759553
2989.9098771932895
461.3311265715135
1812.4465953687334
397.9830884215426
1432.324784772204
1798.8593320031705
2096.0913593494233
4222.709296716016
174.71592101400776
847.7826964673268
1188.2099232125402
363.9539770391466
1006.0707467135
2698.6801395063453
3480.9870636381306
1415.5781766215769
