4157.709787959512
4068.9179587063877
3904.0172231239653
4191.245972882467
78.33247679764395
2130.869076584931
2513.1639515570328
3863.4300004395836
119.95152822607677
3340.1822393791695
4222.709296716016
3375.648020004853
3828.2741581315477
3211.8806782400898
1265.334902075667
397.9830884215426
311.1084872770406
1838.6035229473393
4112.332393650609
3712.913711271919
2692.896874314405
1522.055585720172
2607.794266651348
2316.9055729102033
3968.7511017927204
162.08839193071842
357.14963801567905
2536.710544711409
481.7456188182625
1244.820730993379
1109.3538735596726
13.922013889442775
1690.1580336143747
2605.2358747240983
3104.75051657528
1473.9856273099854
1993.1947357049098
916.2808796874829
3823.8776607908585
221.46246650766372
