1407.1272307997808
1041.1578604761885
92.6619682649001
1650.632754118942
218.29195657340392
1126.1765659549433
136.64757191135504
702.527610782571
29.554315700994668
1279.6794840289676
3918.9853134491805
1289.7451943838735
3531.674781055348
3879.0825120718673
3667.011249656196
2462.991583087382
2619.990675763122
1463.587275568414
4087.173280544911
1570.8594515914263
53.2684793785899
2822.1700121881627
2101.441031266905
1371.2033568561556
2080.5330489807093
3354.022566539308
3354.819115419081
279.3483878712147
778.181104981587
4222.709296716016
356.7708751177395
397.98308842154256
3993.657974187176
2953.454611286956
2025.4980786061124
4151.455569076255
3828.2741581315477
950.5879138807713
1970.4770080488297
4190.8034360756765
