597.870772369787
391.71229716817885
4050.782570709903
3565.648313757998
1809.2266812034468
3186.6611732128104
1554.7373465132928
2132.4541820149925
2653.8781988362116
1233.4593579190496
1796.631315895089
1050.6801953095433
2799.7380187468248
1732.9696783085458
397.9830884215426
3906.274297544638
46.013061342705015
1338.8015748103987
708.296995540831
4105.824933019976
2256.3455244360903
292.826503655745
3951.9976511971017
4186.179906838133
2900.4260530955144
2991.801344291414
4222.709296716016
2007.535318569471
13.922013889442775
4150.721678561951
3828.2741581315477
1387.2312520183946
3150.9961358324863
2493.570290509295
114.4842119542144
3864.9234400803007
215.02282680133374
166.31208208265622
804.9364645288016
965.5030116994594
