3321.9710817880386
3828.2741581315477
747.7608635840227
4183.233031765003
792.70754032196
2354.1436514221173
2979.841939354622
397.5775684011172
4023.1589360707653
1885.137851211506
3940.872919589215
3889.306644108613
4145.059580373772
251.51318716408102
1717.9383836915977
3531.6120585774656
4082.2829610816275
3396.9807853896277
1947.410900817395
1557.5102089600284
636.4067217100969
3404.3937319855195
3580.3364285683097
1726.653389500798
149.87882808948905
2013.0890125255373
518.0940822218573
461.4110832904944
14.667864765619449
4222.709296716016
1026.1250612667893
2199.114752802712
1592.4355758427805
2421.746061775655
2775.56205911094
2206.688516261531
333.8418058750029
1437.1394374019342
188.5970281814039
189.65117989838382
