95.66096529016701
140.06597289237183
3258.9849257538317
4083.3291443844696
2633.0893857636806
4132.32497255409
194.7028994956742
3247.742563674567
1208.370795917618
14.432480854932546
397.98308842154256
353.098597137288
51.28893642558948
2502.5443542867692
3380.809800364129
2387.821674589958
2977.3109164306675
4178.189437443401
3935.557125895771
2007.4326969302658
3966.2665096816872
3653.0792265016976
4222.709296716016
3994.3660755552814
1926.3508453371455
2806.847433547589
3127.429777286312
1805.684407276756
3509.245285943063
1059.4497559536037
2500.7988318700454
4058.975142664495
3828.2741581315477
4020.235335418811
1632.9870845096173
1324.374414751993
3871.01757125556
887.3421485115279
3570.972355916884
304.6801706153555
