1108.1908314096518
3652.3871119816695
2124.5313396220554
139.42943364837058
3037.019691742008
1994.4847515544418
2590.1899450609553
3993.7085451685107
47.72030323146601
3748.5761360995843
1665.4746644470551
4110.78180044402
2063.34535462965
3187.574178666807
3828.2741581315477
2894.5599637226837
4158.372704190998
4190.4493329810475
942.8927948938225
1921.4160213108453
988.4270120432889
2677.6160400426697
1481.2862107733608
2275.3490605650313
3370.571781009485
94.93061575416915
4212.12260642642
1594.2009869456513
809.1204037753533
631.9940613371738
1319.2837676359154
3898.4601791531804
1878.0945406081282
310.93050138280785
257.73655960276
397.9830884215426
676.7616370859998
2278.749955117888
352.92452735016593
3513.206378442617
