2830.8725548950065
1024.2471806134724
1760.1260642646955
3122.366990297265
397.9835227197468
4067.7397855190065
2238.288582077143
4188.178839030494
3938.6574870280883
2070.1456462603446
3828.2741581315477
898.6973759297949
3575.1097997009547
110.97958615075342
3491.430433504974
3708.73960033022
4222.709296716016
388.66686221581716
2454.171742335523
706.9853295929636
3685.2329044103294
3969.1318419562003
2418.081144807764
3488.5279648320784
4007.6785911715806
2107.4023636447937
3029.5964041668117
3510.7233249261926
2462.6843671886922
4126.965128583294
1227.0334879538402
2995.636039772198
1440.4059064411274
3293.008372832599
1951.5851826901908
2245.222315874878
663.9419387466269
2636.117573099152
2595.809728511783
636.8006947626011
