3866.3348668726007
3356.692496884805
3084.665494346122
4222.709296716016
178.75026220633586
289.9732886937803
3014.346075470498
2302.3907570225147
1009.6773105008447
3949.808499976902
1516.0131996362043
2058.998264765763
3902.3197358790812
1067.2493134945205
76.4428233020397
4042.0169542569624
3197.612062074813
1044.9320383768927
2736.3780725210054
3207.8001812796033
3828.2741581315477
3850.1703704589745
1559.5565269041392
3328.649936589202
13.922013889442761
1651.1409461543826
3995.225106116399
2192.2568154250976
1384.5170831496062
355.01041190727926
1995.5596639809924
3148.344570672214
4151.893059611234
3572.5922023371813
2295.528309578616
340.22860530787807
1788.9772362868657
1380.8073301114835
397.9830884215426
2920.6073021315656
