1162.2016363973264
2017.2142637297168
3953.795611538497
13.922013889442798
2740.2391133077545
2244.376783919292
1442.793038754869
3869.2701268270966
3981.4262662050733
3891.9761893641385
1598.1548569427418
2009.7554407718676
3534.6803960858297
365.82864328347705
3657.398684427918
3828.2741581315477
220.749351585123
4222.709296716016
1802.0573321131567
158.18391761691825
3734.1723041312575
397.9830884215426
4000.4728299505273
2445.234598209625
763.3050754038
350.6102306642656
3061.3641406061834
4047.5332899573255
3301.4123639656914
2620.639689121981
4101.19832180637
3368.5642487054515
53.823934044663616
4186.762060685088
790.2011003797803
1223.259488089128
2751.259145045101
1450.8375819543082
549.669296463516
4143.420766171097
