3895.4963786643116
296.08235509979914
3054.1003387895266
3306.511615863048
1143.6059581591549
63.93268611876714
3511.6363871821914
2786.636873891202
1822.7182240607383
3209.773532457909
1651.8400092044803
2302.2834617444055
368.4680064950576
1114.549903123735
333.63755989659853
1172.5691411245891
3474.0263363705317
190.65650206656713
4222.709296716016
3869.528187716759
2352.368707879568
2087.816114510187
1904.6451856938675
107.24080549877374
3666.040483651899
397.9830884215426
2773.762191522594
691.5161967049606
3861.708138373533
2792.9617566739967
13.922019383373794
4009.3504839768434
1511.4342692672406
1877.7001466019317
1994.1693767446031
1387.8859583573858
3828.2741581315477
163.2523097990602
4142.512499110232
266.6962050347326
