1927.5410795456344
3864.795584039218
401.46297286556546
3915.483113677476
1112.9847312569227
4183.238894502188
1281.7572530449352
3392.031349590632
1231.0913702493162
3828.2741581315477
258.2380342894849
4222.709296716016
24.73439463260032
141.20870635801938
1469.689750955396
397.98308842154256
2970.050197189199
3673.6244809527147
3663.5918100832005
1460.6978728698728
2333.6840810799986
2197.4848760089435
354.51102357317205
3195.605659812082
307.4898122042516
3258.7074743485005
3894.911354501366
4147.811392162952
3681.8730975262824
118.65521280091833
2735.3303583064458
3346.004028534244
4098.190022122046
834.689021456031
2046.6093529077948
1793.4155143984144
2562.309444964282
235.6635083649046
4009.596232847517
2442.8364815106374
