4046.6609007905636
3094.02426252311
806.3104762885963
52.92685401435479
1123.98472870284
2897.7295652879493
3828.2741581315477
3240.547473642668
149.12563495107838
2266.480324183887
3978.3341860617843
3785.2308170616175
116.19344739864907
608.7640598352768
788.2816514205315
317.81375880356984
3910.255782567014
223.60538546394372
4140.608677461058
1189.890236729366
294.64847761213684
1315.3149739516118
1021.9534809257398
3405.707791005463
388.27552482836745
3499.380980014397
2348.369775213868
13.922013889442793
4222.709296716016
2175.558492074778
1722.8094006425745
4178.527970191281
3874.6284602991614
3354.003705644057
1442.3699311815437
2132.201086401213
397.9830884215426
87.52990897892454
2347.2198622501596
4091.558173520641
