4110.83038126675
2109.2371587811344
4011.015013806578
397.9830884215426
3293.4868145042105
3173.5253802953903
99.68096601259722
2399.979637897534
69.46220909400847
216.499061883477
314.30261234372455
3828.2741581315477
1339.9149756608892
1900.6277281491357
2818.2548625559816
3911.036082343274
4157.601375048867
3394.473451311747
518.5187628037628
1693.251786218213
702.8713446112372
650.7817290387869
3862.2214081654383
970.7158694039027
2274.6190570677054
996.6758771082006
1775.4552190100687
4069.761673099211
991.5481876180565
2693.8292067716784
1123.5299694555563
4222.709296716016
3414.9266802078027
3433.234900162581
3637.1185355598645
2680.1790110557185
3284.1671193825523
13.922013889442795
311.27094063810586
3044.5758803871668
