2499.1945513847313
761.329210876843
3205.757435783875
1080.5232259734507
4134.295056142379
3686.547682524265
1572.6778029936418
1724.2720246647025
4180.461575844564
2058.7464701788576
1242.6996233815864
3572.519197653497
722.2371712172775
4060.939608518902
397.9830884215426
316.9282031022018
2321.1900160519385
1519.4716383125938
3828.2741581315477
3021.297072118784
503.77207938990665
158.25056575045713
3972.9642850431305
3948.6843669753994
3884.9032293630107
3259.3238053487958
3575.4755175143027
834.3794403541905
3110.4103797732046
4222.709296716016
2508.6093115095414
3462.491841299601
4009.8263662222876
2816.380242917041
1381.3797975848524
4085.0547405684583
1758.108594975786
2667.4103311218996
1881.1337286202152
607.7496047011911
