4216.117308153075
2336.6040440719207
312.33386875386907
13.922013889442757
2734.10926438871
167.8711796742111
2285.130981887252
4107.638346551236
3925.4505832312884
508.98913157031126
2333.432580505413
1438.2008130576503
3828.2741581315477
3972.2920632148607
1132.8396760789035
1003.0857569969521
4154.839748842645
1265.9594688904804
4065.901915415032
2558.632427324786
318.27609562036116
397.9830884215426
3859.872993326799
248.0306664678906
1491.7619020523719
704.532959511356
825.3338693755675
2030.736134628191
2583.78171885585
4187.349065916748
2468.593950352702
3574.6307451078933
4014.318763171963
2047.9825117836776
3128.500891514227
1764.363092125881
3187.279332379899
348.3261155314782
3201.745029929736
1893.762838625535
