1381.5270185615689
3828.2741581315477
2620.462662304369
2828.898634314665
4163.850831369323
1786.8531123380533
3619.9062459357547
397.9830884215426
3132.4034629738026
796.7914377248328
3991.821192032235
4088.480607399052
4081.070114557944
250.6332972393165
2482.123404427268
1323.6907071954815
2820.7575486953974
2909.8585622897936
1848.8063278677098
2815.4530156994506
3348.2667539752165
3847.5360665448097
909.9040930035131
1452.2725720086191
1649.5865073165317
2005.234450630619
3359.9162537040156
187.58196158521218
4222.709296716016
149.63537795049947
777.4524706643663
1542.5322342548934
301.49320031786743
2371.8740574493468
3721.460969586865
3498.746205359607
3985.0204925505227
2093.6250716223676
3876.180222091336
3919.628551163735
