1069.2774798919431
413.43497039099384
1903.1327223415203
3311.686760810881
4049.1307281883383
4190.125973304013
3279.7553128704894
881.5527697043711
1534.4031646614192
608.4772036319079
1825.3656646562972
3998.9059084721725
391.18918743123544
88.28552362815118
4222.709296716016
3828.2741581315477
2533.592892117614
2417.073222081994
3512.734715516239
48.74297509412847
2039.1276776613292
1304.1277757800456
2657.1411582714973
2478.2990313121077
3942.127898035349
13.92201388944276
2826.516631298519
2047.950539673416
996.9903034642848
240.5305614417844
4152.049515474351
1235.360144837098
1706.145741162804
3121.767604535531
281.1877282500881
682.9080004350266
2687.5634473110595
2336.5708105298513
1132.7229615585043
185.71536141708705
