2590.5227326302197
2460.53624203031
3180.7113988876863
1767.802150651975
154.39463705652872
2044.3640769475437
240.8279424350589
3828.2741581315477
4150.995515304617
588.7542558918865
615.2167824599467
102.26163197260996
1182.192772794982
2185.661994252855
3371.597613274503
2943.883418908585
3575.59372005831
3024.5120807995822
3268.9578725923056
397.9830884215426
3941.7808869822475
13.922013889442784
1146.1229426073007
3892.0158426214803
4079.161429061685
2924.0109512218132
3959.25401503789
733.6910534240717
585.7512949393684
2775.905953735268
1442.9952032313279
2163.389589235217
3789.985788979775
3966.7266598741926
335.4243685457278
3455.584680378327
1289.20748065605
48.67971099949044
2594.8411458315927
4171.644151024673
