3520.0904318866783
2724.0605968683913
400.1314653068428
807.3371711468395
1183.2991225230787
311.4179031139805
1528.2468882791177
1322.3706871315317
2873.6241559184755
3592.034547305705
356.67648680862806
3871.4708667644645
1626.0402112333634
3828.2741581315477
3617.811543999201
4222.709296716016
4181.703639001863
799.5892502350646
3896.3837964973927
4039.617802674595
3067.895862721567
2054.0971363433805
161.8839651255274
2383.53368237865
3999.53148236771
1707.5120213475725
397.98308842154256
737.5761900858521
4090.0251089478793
852.3428653904285
1620.4612210009705
2931.6476196215253
233.38190255055838
83.73575299192218
2559.1342839478452
2259.507033222837
1887.7273121587461
4134.447852272836
838.0964230113175
3391.9226995204667
