3144.647951674951
4222.709296716016
595.7702194446516
666.3064465235435
3051.813971702708
2389.798949098766
4114.438078829433
1234.4491067095653
1199.8543570937914
1371.802182481279
298.44826773208285
99.91246856007281
1437.670918846234
1712.3004250914173
1869.81308831222
1413.4903354515247
2595.546129422013
397.98308842154256
3540.231439519058
3828.2741581315477
1017.7378163044165
142.90093577049
1322.0037073523326
13.922013889442756
2064.8515217435415
2726.3298422943326
1445.8149525213773
61.48317359708344
2259.2777138137426
359.56029288186863
3228.8888771924494
3592.9482701009056
637.7556971943524
3956.2570851560945
1615.7610066747918
2378.2262561834336
4057.2156184609707
231.68616584959295
2853.921665418642
4165.1942617459035
