2748.4997108670896
3966.7240013817177
1348.6128613707892
4188.793413249031
4000.95353830922
2070.3346775939763
1606.4779636259764
661.4200439107296
397.9830884215426
2946.315333452926
3896.837889521494
1109.2263937430196
3591.7329035798007
1907.4992507676825
338.5801121334046
3238.531813465076
726.4923366064213
3433.5699695300905
4078.5301134523183
949.2528698940657
3387.0733820745727
228.6928520710104
4132.738023970862
2972.1766569453357
1465.753236699038
13.922013889442763
3828.2741581315477
3418.3123414051197
4046.9519202724314
2054.468840612638
3090.590084661436
827.665575498762
491.21807035466276
4222.709296716016
2235.264368310125
2451.255281243597
1233.1024866568712
3569.0655784220194
965.5611221096092
3860.520622909217
