3868.4475809012174
1338.0738483459963
3316.9976753012675
3656.4638132698246
397.98308842154256
3126.3218532801393
1028.0484415880921
2980.1451553923694
1729.303306889713
2202.669481940984
86.57409798704629
3949.9278041043685
3434.5099027161814
2858.639648617509
3045.8931864623883
226.4917230374396
43.77358480480836
1907.8431800282751
4024.3678045929123
3195.345704227356
3828.2741581315477
708.681581124077
1479.709178264256
4089.781772439609
2101.0779078473265
3174.8898754683723
2255.3163081466123
3562.529367258058
4143.173123871844
2579.8783826678796
185.10381181490587
290.3432434423982
1328.8068878737797
4222.709296716016
13.922013889442805
3908.818928718352
334.67755299128504
134.88182497384793
969.5796272595262
2755.131741221955
