2097.5025303624475
61.215198510437745
1352.0164198621571
2677.944814635941
4222.709296716016
3934.642198378614
3990.5322569335976
4152.810565192826
1924.0561528703029
332.36496271941746
3828.2741581315477
655.2531476099853
3858.690488367954
4069.6856474234414
4119.193631059487
825.2737918648772
455.5589034044217
3499.7015589789535
3105.3476623233037
4186.142723303375
273.19698420001805
1195.0302947195287
2289.5690429526476
1471.5761080776228
3240.4358427845536
13.922013889442773
2471.3508072468635
3380.6801330341395
2213.329093867016
2875.7914040205746
2774.4113340946305
215.10176646469114
125.84206340616245
3606.4413459007937
2467.4279212996457
2669.2748351684277
397.98308842154256
3742.293432259843
2561.707514952031
3892.2700350521527
