617.9367602237064
625.8474189951787
244.5285041277067
4014.419388072054
1045.0553803532914
2274.9021556268344
4131.162804430174
3240.681077123441
397.97973285906005
2523.6194944488175
365.6308003670094
469.0871566892914
3666.862382119726
13.922013889442761
1541.1845071189316
2448.8394426280565
2376.9859909322054
1989.055793144031
129.32103466757664
3960.259389011755
3483.66253371297
3826.8235572508825
1356.8172888690442
3861.4461803056834
2882.6537102850434
333.06355251649626
299.817415187769
853.2834073891986
1206.7954400640251
1827.1080970151747
3558.821763288634
2538.5849636542157
2714.5301024834225
4057.77081624691
1382.4783955883804
4178.618676447753
201.2051879025061
1378.9585974183542
4222.709296716016
3340.230087926433
