2244.54721534937
556.6600970686109
3874.1998420489117
1027.5367657205427
4123.671424216712
1916.163281762323
13.922013889442756
3828.2741581315477
3525.145415785667
2469.65979817665
1370.5566238978295
3633.5507233214544
3312.678792889542
2842.1899544517573
82.47156319529545
255.29481903415532
4093.137278355209
2892.8400851275724
1175.9703404241025
397.9830884215426
4041.3873869259696
4191.748073984553
3283.2094587872907
1834.487853616451
969.7895489013739
2999.3340685594676
1824.3536773300675
3678.5520672292937
591.7863673259403
558.0431968183923
1602.06298433204
2659.9185428510777
3923.1409686985903
4222.709296716016
382.2874350808371
51.48644565969321
3965.9579752079326
4161.3315956888455
1149.310405183727
2310.5035277382567
