2564.213931714194
3828.2741581315477
4134.1676821337405
3857.550255338894
96.44606268394291
3086.6443290260795
1970.942832282428
3965.252949801931
4183.3497761022045
54.37366876838723
3309.5216208948746
3868.3798198160907
871.5307323655214
397.9830884215426
4011.3582849521017
548.7210422803475
364.81181084611546
1450.1465714654694
3877.267805231081
150.63912597268143
1160.7490052277255
2937.652676534985
258.3845811647878
2153.0339494807035
4058.432898553475
13.922013889442795
1348.572198393342
330.1167043390367
896.8908780610163
3164.4663777656497
2063.596124487839
3271.7296740088123
295.1959031192887
1435.0075393036882
1052.0157142347757
2773.284218031424
1770.5106271404075
3897.5768944324245
2414.437514454671
204.8453660928385
