2018.3120632838925
1649.2541424210708
2070.267978354278
2491.5695789140445
1804.2521082149367
50.2284791540834
3093.395138092247
3077.5066884026405
108.40191833313307
729.6151944676946
4222.709296716016
3867.6320098703964
2007.998558422514
3950.5878116915123
264.05153472377805
2074.70092315145
4161.876636243203
1177.6908654070362
3684.0285785248625
1503.1879672722853
924.9144189767845
2016.6923478004244
3828.2741581315477
4126.235916209787
396.61607320331285
3371.8120152600004
2777.4797136526595
218.9983886575518
421.6888786615721
4192.292966479609
649.1956658044006
4037.8601890465684
4083.1226457733273
1294.224613969745
180.93901537386316
3993.196749462054
3189.1498082775297
3538.334934305815
3891.1171009292275
642.6382109722826
