277.90644556188846
116.74400610905279
1934.3137692906994
3828.2741581315477
3828.9998995265073
3497.564923361779
352.27116991570915
2832.2600406924334
176.57216836938926
2013.925193681696
3339.7596570899423
702.6758522293171
2435.631034999644
397.9830884215426
3963.101842392286
2091.345498213734
3898.7693464574845
2304.7115413075544
819.89668076114
4185.611456418046
2673.7402763211894
1259.1477594131331
4096.431387858716
54.2753228741664
1037.4999484926107
13.922013889442793
4132.9946710221575
1404.5914818997587
3701.9932547676717
2545.179347746119
3269.4873187377416
1742.7926811790824
4222.709296716016
3999.800401458615
774.2873523743343
3133.588005704384
208.9135581408621
1200.4872415258224
1354.846371311464
2979.6243861015737
