633.3573200239927
2018.5163708962366
376.2565792756348
2969.28278503818
2551.30186845787
1142.6530781285226
3751.2141858708674
808.0077185435448
2390.6174118027693
3383.9989009860205
1395.7541937055387
245.88349903350178
4028.7348057539843
2417.6274880188857
1666.6748816441964
3399.0076277826342
3950.996085390938
2212.764039097102
339.7023146967148
2429.4696686674533
29.953633274140806
1893.3971592668117
3913.9012207819997
2261.424968308003
3652.9660435211213
3266.5031401330048
3551.9142984003984
3136.770472573806
4222.709296716016
1509.7245925275452
3628.1302859310144
4103.842072123384
920.1794998183971
3077.083640664874
2046.3639813546977
3860.996413077638
1585.4481798984962
4178.980768094821
3828.2741581315477
113.74139175999571
