13.922013889442809
2018.5277760226459
1174.9107022161406
2204.1737354055867
4222.709296716016
4049.567383014277
2681.4676932755424
2812.162898618205
3828.2741581315477
3568.3275240769394
2667.1904155796296
4000.0800034685126
1270.8640249906964
349.93172003507175
3945.0715005512143
990.1096285060469
85.40505290268642
3509.2844672948167
2264.7753690671598
3253.221205749196
2488.6605446580393
4168.790654252035
2959.0677181325377
1640.3806438869874
1493.842814466399
702.2622104412709
2349.5034904417143
3561.014929871301
1063.3451403213505
138.20599258274015
310.6165338003979
860.3728242574061
3068.9657556122343
2668.797043412738
2829.974352556094
4124.209894852681
3862.3247537655225
3355.6633263069743
47.19150612541311
397.9830884215426
