2368.8328046800425
2528.2021743851947
3998.4270990758564
4133.473041475662
1674.5512260010344
3897.033751488823
1577.4880623811193
3339.0474363836556
3585.998358885983
1209.8345293202224
1640.6737508323695
508.80877375197383
2549.517828036737
3948.219203548452
1758.8176898730583
3595.9355717686735
769.9386118690762
257.1454945784038
3870.2237351898434
3516.483023424158
2962.877215994558
628.180192051571
69.38084308118653
1608.419616806965
234.2272868202558
397.98308842154256
2958.7075923093116
1442.6424815067423
2791.8223136668844
1745.8034968423617
859.4422823680787
4179.455824183134
4036.2890047097308
4081.159747963873
4220.24033008186
2107.7689357059726
2253.7682012952787
321.25503285303927
980.9540673002549
3828.2741581315477
