3755.4402567341804
13.922013889442791
2464.564237934707
348.6723375696684
1407.312663662034
810.0841959951974
332.3040142841177
1648.612780284726
2978.9736036223503
397.98308842154256
2810.4932702379256
2634.5640845774897
2802.868376455969
3828.2741581315477
1953.701149396014
3355.76972358379
81.22992978224076
3870.0660908658883
2753.835106025569
3931.473840937228
3070.0525495591146
2230.263638037181
4148.839011640769
2553.5103046556383
4144.2476464668
169.27258935167265
1759.568462743745
527.6777848505028
971.1653275103881
739.4791258159662
3606.141143388284
2017.0288446924083
2130.2932702820362
203.04890768654587
633.2517594915012
739.5186569417453
1267.0843327361401
797.4439278367017
2154.013520229844
1476.1948719781149
