3828.2741581315477
41.456978942645236
3886.1830874304865
3629.8890953660584
2854.895673511483
283.21756209951013
3478.9188471835078
3925.3594276678004
3268.6624189759696
194.6864897688045
1557.4348896511196
4096.0519492826315
1968.0641148942605
3586.925948437607
3191.6336804076445
1505.9567769731543
1144.753145258675
1007.8145267462502
4136.570976695306
3509.489745164771
4033.791915399188
2496.401020573991
3511.1152841222784
1675.0371178147093
877.9989718676312
2383.1426805555475
3480.1601676128603
4222.709296716016
326.4222253836551
2737.5216836519844
2247.5122526001824
3981.077752439655
3612.2244762798823
4173.984171030577
2973.4647393385244
3561.9882034339007
3252.011089082157
391.1046492794341
2117.3436337542153
1516.8406366998656
