46.46294074275034
1775.1297310519467
2241.755398222337
13.922013889442773
1303.5224774367161
2979.9545461180014
356.3939838514168
706.0018424017154
191.25333854714012
1706.8273202998896
3038.6171728059735
158.788257549152
2273.451184948283
2449.094603405808
719.970033988226
3858.6337133736997
103.74125529945901
3944.0786104826607
3264.075927500499
1980.1661983389372
1831.7406794571662
4066.2357822643717
1063.4575882208933
4014.2185402933433
1455.2191970428064
2780.497208007012
3828.2741581315477
1939.904203499415
2654.777633366089
4162.9954409659895
3706.927130868176
326.71494904249596
267.6174447266282
3507.5282374733197
2325.7259496604424
4100.947645134525
3882.4117939113103
397.98308842154256
4222.709296716016
530.776662632759
