3872.099847226175
1654.662602210276
2450.76838876882
244.1679516193054
3684.8267631842127
3820.5762780450555
283.7301480450696
789.6326481207815
2376.8683204821323
2572.2398237979246
358.78053144181905
43.44884257038401
1939.9784059851736
2976.0682359240427
13.922013889442766
4167.6370082853955
2164.933796942231
554.9076967689557
3504.412811248606
169.6028301877695
317.55338234665896
118.92494251647973
84.06135589975702
4090.0591454214646
1137.9789363370382
3828.2741581315477
2846.32629709094
3070.609973491874
3991.2919044892387
2882.8962355572858
3380.826776358071
397.98308842154256
1392.0398778352155
4215.883537715946
381.03938801010764
1784.8105938342553
644.9012983462007
199.13030758464956
2718.093685905056
663.3726477034963
