299.1163421680481
2788.0837619787003
3866.902100245609
322.97898824306105
3276.23324394223
4190.3366983714695
357.46115137601623
1042.7808553891452
684.0919140795827
903.6011282173963
3828.2741581315477
69.49746416231454
831.8088432167276
3036.8807828797394
2990.190057105483
786.4534008578571
4020.654248413323
4108.393264012135
3971.3315661409592
699.4010965944772
3676.2670420453223
3492.6258470034577
180.46465231096278
1239.81827529391
2207.36718101245
3469.669500768789
108.78814825435215
397.9830884215426
1526.5298606672359
1150.4128163501828
238.22168827543192
4153.786123666011
2063.2282266195207
3940.913860916169
1870.4103280368386
2622.513855044128
3240.118684236058
4222.709296716016
4065.0046458159063
2538.528152653889
