3750.275149727236
3114.0135607970333
3828.2741581315477
3078.4481187875513
3322.8141427605133
1445.9035545383133
206.89243081001064
534.2505404855727
3476.083901937546
1919.3453377911703
595.6778207848397
4222.709296716016
1155.6404595313209
3338.639635564936
1032.5692059387723
353.4921040286491
753.1012250620438
2504.0424576531445
3876.6159667821507
2185.130875741065
3957.980428855953
3989.5610002201684
4106.587404633692
3713.447320581392
325.1185415973537
593.8019244855226
339.45570086017943
2135.6345299541113
4170.431263255841
2340.819526461882
2242.4729896516683
397.9830884215426
3928.621492049961
2831.070210045689
2650.8860724002197
28.26702442112932
4013.648595571444
4050.573658598997
1255.4032308421515
1568.7943520726376
