855.8803088142847
1115.7999804821397
3204.1463210033594
696.9559579034883
1172.815498208673
3954.2577687314897
3272.415258500999
4050.981188633609
4215.600885380744
1321.1028507486662
397.9830884215426
264.52847795004396
2280.8056078276186
3909.8644920222014
3368.04373567124
138.19250814783663
1175.227507453164
98.49850793143808
908.1592946092518
3781.035576694775
3261.7194480752814
3875.984559152981
3828.2741581315477
113.71812295692614
1519.3071938730595
3539.926547803977
2966.89423557712
2909.181086514736
2128.783942214516
1706.0127935637686
1401.423536536913
3012.7184752778903
4013.9977639044905
1843.6586452712754
3525.8739842040427
369.79668957377044
3521.1668212404393
13.922013889442777
565.033055890071
2444.5816224032596
