1533.9547538071852
4118.94462631663
3323.0628522442107
3102.013559630408
2360.5531530105777
2504.640530607352
4063.298105820314
1131.2033332013905
3599.376951660218
3871.618296074744
4016.709154955687
1559.7956834394656
3609.7377651505035
3661.9436729250033
3681.7860851074556
1266.6542062321703
1051.8874006789197
2850.779247327261
244.54686644920318
4187.0257171863495
2518.473027789501
377.2613980112283
1556.7509300580957
201.619228232918
4222.709296716016
674.5787668183614
1805.305695173414
96.25396886648879
367.8331657548408
53.224503843585296
1378.8785809296862
161.770814649459
3923.5556594969757
3828.2741581315477
2654.142116942806
2779.8390346136885
2133.2453044759955
3476.0485041555294
935.7957806165318
2910.6737020348332
