3202.5395574638524
645.9475619570533
4094.5183558268045
4128.911571175367
3910.059620771247
2634.209217518167
3946.021803731541
207.13564193505226
2868.6038086892213
898.3323401976497
397.9830883923367
3377.804526667073
3707.6173946012254
638.6130734096175
3580.4759706681707
370.24340194895206
3828.2741581315477
286.523006663638
4222.709296716016
2978.6201462649915
1909.1981684747884
3638.880731517188
3036.467329696745
154.17604286941227
2251.6702410383677
3868.503614064691
13.922013889442784
4018.2760674091874
777.5462752317816
3625.2047680876053
1722.411830174594
4184.030771346445
1000.276945546338
3365.6960278534434
2857.1960738220782
2203.9787408326542
729.3316931049412
1595.7576529187052
3547.1617527185535
53.069072953227305
