2121.4255161098536
2688.303279641939
650.7817290387869
13.922013889442786
1172.4948984204339
3260.4865494949972
1873.0350592639938
2035.0431973951006
1549.3973651459123
2982.2048649451617
1822.8240959224481
4050.82297563455
3470.442084594219
3612.294869300258
3016.1971222274124
4222.709296716016
1764.0880709680096
744.3836653168539
2683.680290002115
3150.4686103926233
1482.4426150500544
857.8414796179584
254.7186706022763
4182.460479092635
3377.6704432141855
397.9830884215426
3945.86021351991
3080.3736067287236
3828.2741581315477
4134.13578756969
174.24099814747532
3571.359069916861
2029.0410493704157
49.78729834082894
2968.039416515075
1254.4051828519064
1026.6855668403985
903.5720738806178
2433.3242013062154
2851.847018444605
