4180.016624361149
397.98308842154256
4137.794044646068
1972.1927752234785
4222.709296716016
2875.461500264252
2011.7983192905135
4014.4459489957876
3828.2741581315477
55.49217276529319
2721.990943971932
1249.4206215148172
2133.711905558338
3933.195228120867
235.66917070138274
3348.1825682301383
389.52264494880916
250.91760043547373
2562.6536598107577
1641.5054803561607
853.5205401017764
969.441439299377
3966.390168323738
13.922013889442763
3913.4837828638674
2857.4935502165113
2409.5025968366285
2921.3653908401443
3770.6620897509815
151.0398399657684
98.22593820560009
1355.421403113892
509.4151865615918
1852.856486597264
1093.6313338919372
3871.0745371425182
3590.726494930946
2293.5620300502496
1558.1819779118682
678.361048689377
