1681.2312225569772
4159.10669698504
2491.235327238437
2174.2702304695545
1273.144226643079
302.47258021677123
2171.6383709259226
1010.0758856117302
56.621357727333915
4111.306855003874
2766.7214591075144
463.25537748987904
4058.247316392735
2658.3480235532893
4222.709296716016
3897.4693123586894
996.2994256247981
103.71628479410624
995.4357466275062
2489.998113277992
13.922013889442796
3588.317985408821
535.613138648523
3143.0818916278477
3032.1327381682004
397.9830884215426
4016.122252312791
3763.234625907348
2938.5400093870994
3423.3774867279826
1998.4164985562757
1349.4129793200798
3828.2741581315477
384.1679004581602
1788.7811260792341
3536.3108540410963
3977.368700203184
3936.9530868071133
249.24690667146018
3273.848511544812
