182.3926163360918
1185.7908435339411
3943.5874369732624
14.34137866065533
3823.406082776094
2813.3952781606126
176.0735317112232
3205.1609168208834
3417.4996848273813
2001.1015265358706
3517.683789695039
637.8693682716176
1768.5728352814542
771.5249389647341
2337.749001372192
3126.465579296405
1262.7260115874224
3251.7495920961264
4222.709296716016
397.98340661809624
4017.5708824994
3860.9167778578603
1044.316852534173
2083.102056778318
1103.58125229528
224.42026065479354
3299.181726616621
724.3514874236286
905.4294963470376
322.1615150479711
4136.381135452658
3461.280064900611
1808.395747901483
2204.9499499086905
4168.561189699145
1386.223030738603
2882.0986252130115
1921.254715480284
3675.811395279977
2424.1571908006326
