3953.099962369248
1215.829579764704
3335.5696683827914
3613.273117069453
2884.0575386142355
4191.744552098269
3828.2741581315477
2216.98575727377
4069.0830035150575
2102.0354540869776
13.922013889442763
2058.496921066488
2480.1055716199285
1130.6559448770251
1315.9829296581895
1975.3951047091894
4222.709296716016
900.9064265322561
397.98308842154256
299.2884687935431
4028.663607157864
349.3332666471765
3586.687722617361
1594.6659917246143
201.714744326033
2848.717222900833
2943.048753846338
3870.8013965924692
262.5873111366831
148.13107092983694
1706.4321292835452
1439.6764565502472
3919.1531101567107
4111.254327179406
1866.7224553850447
4149.541128049903
3990.0743610556724
1474.1268344733842
3512.7601402082346
1016.6141407556562
