2571.441754903021
1359.2556068002482
397.9830884215426
3866.321560633239
4126.251718831273
650.7817290387868
229.93311870837348
1818.2782503304975
52.19695120480055
2110.0367782026856
159.45651355974934
3293.270739690784
2584.5965294798025
3218.5284878303137
4064.3207671824603
454.97753303059204
3540.218548477592
3094.22259213474
3992.9325538631115
321.49762325574494
3952.943787617596
3197.2243733785604
3484.630924614023
1994.5696706566298
3828.2741581315477
2421.762969879845
4007.011723205496
1572.386226341681
4203.39631577049
2879.990444491528
2711.712263293486
262.0244852875703
3904.470513355957
3590.4447632459087
50.68705533599675
1496.3693024600984
1191.5561258650348
4183.46463444428
908.6865851332506
2355.2693812266257
