806.1090516031504
3923.225386426903
732.8701610758169
2895.660334702345
656.6124372143234
1402.582505147942
291.07612247994587
1174.2982281430616
1643.4872163736813
4062.702107967726
3413.754976713929
13.922013889442777
119.5710372885872
3073.2495352021347
3828.2741581315477
1908.5664920044132
3348.19641223305
3662.3053623528413
4222.709296716016
3362.390961199245
2506.237521617728
4148.372554157073
397.91473780214653
1932.279758008027
209.57656111542403
3554.0390472590116
1064.6977976506641
4108.2410440756385
2340.614508225216
344.58081076673585
2751.377770111046
983.969381714524
2056.892404534627
3999.373998624784
222.1450942077661
505.95074245955846
1783.7886253241481
3872.9111819997383
3330.241378481694
4185.692871768737
