397.98308842154256
3008.716922481731
2299.6993929805267
2435.8281992908833
679.1871620778672
2523.8482243649114
1121.1620245815582
3521.430747275347
4087.9768979357736
3209.0946089575364
2624.073629972987
2234.687278438657
3973.788030705627
1390.914467037953
1913.0783920693893
271.41658064711777
1517.7890842940678
2400.2948799947344
1057.058348959186
778.9354211397962
3828.2741581315477
1132.362343668267
3782.5195639457625
1133.5327083244824
2996.6716261385764
121.08517542727674
3380.9224603362545
47.51355310011015
4182.080171551587
4222.709296716016
4029.5241291753646
13.922013889442788
3866.930775862011
3650.942179424578
3912.6038930865543
2750.0819861949753
2199.9103191397053
207.14006593705284
78.99245674412909
325.98294994178195
