688.8838571501683
43.448833188538565
3249.0201729695195
3799.9969437929776
3677.4622093100784
3533.138700191578
3961.327054569744
1488.316360440821
3895.1641609363646
2717.9983296859555
3828.2741581315477
2232.2573369002266
1653.3332074346606
4122.810067153433
3169.411829679053
1167.3176091629223
4175.898763468181
1897.6875928489358
3028.774745237588
385.4183586534067
4222.709296716016
77.36510788746628
3409.9192244218652
1082.739778409684
1810.5753720649714
2404.906233950256
110.20238598154423
2243.557431586855
3983.951433669931
3067.7384495112988
291.1917384972923
2126.0813292456755
1304.8923814481468
13.922013889442786
2947.462749872607
788.8053259711181
166.27640987855807
1235.472983750081
726.3872034681199
1091.924650710823
