4055.805968125839
2378.793718535468
3897.95570767051
627.4938945455415
3110.8313969114765
957.9426728473966
1884.84919898862
401.82225534441153
2419.8003883695
3479.775986530065
1217.268042591802
3485.714078548054
304.7016127641615
221.89861144160625
2940.5567924342986
3218.475619834621
3945.432032340348
846.2444606838006
4222.709296716016
445.18146982683436
1536.3104767232958
736.6198679980264
4192.208178402521
84.9150844348972
2403.4126393510264
2673.0574439843112
3231.0690268615117
260.1302474557696
837.5294196141349
13.922013889442756
185.03992761467111
1724.1567183788732
120.02857065849469
2348.0029801366645
3594.3600504061287
1739.1015333510634
3828.2741581315477
4154.63751882788
353.3975380810232
2063.8609726451577
