3136.4813293130237
866.9089871365537
817.193505362785
1030.202654739891
338.2178742702842
2687.8708088143285
3281.6020217712394
52.38562752521528
4199.843401711187
4116.663124513422
1039.0603532640368
3956.606030057564
741.296796650438
3022.6472803069532
2271.0035996073148
219.8585269141645
3509.385036782878
4041.3011270399415
277.2196682511337
3480.3258206211035
2127.645280348405
4192.084794494179
1544.0569209662667
4073.252839610258
185.73925507510165
1173.4301069270616
2822.319391746033
397.9830884215426
1876.2371122338698
3905.9907369499256
4011.3316102023473
3427.4633587490935
2979.450089072194
126.75899869857838
4158.924143276976
1711.3306637129565
3867.062133051749
3828.2741581315477
2403.386194898343
3936.4070671863333
