3927.655129628372
1723.5551845538246
3968.3799291085134
2103.4050542948803
1839.0995850884995
3828.2741581315477
4113.164890914281
203.46262961036882
3514.7746783723437
210.31346548741098
4184.770582607667
3478.1056751368983
4141.145827621747
903.5052652768957
3576.241997722287
1877.9393904701126
1223.736081008591
4222.709296716016
1588.4500856804789
136.2110970650391
3163.090909369719
2483.309612361093
3878.1125124293985
3379.1241698943813
2909.2062106479243
2893.440421900948
764.0497164800353
397.98308842154256
3661.02645328017
2792.526278162987
4046.0019346531085
2008.91826144503
3274.6964648608355
1913.2004139067872
1368.039174630574
2772.8428131319006
2676.983721113578
311.70129567486526
1855.8663208094508
1052.342339611211
