3664.287499412851
2962.98342594954
65.62748611803013
3947.2717999346783
4222.709296716016
4190.689294501152
150.64183436580527
13.92201388944277
4046.204042497564
3274.83506194601
1205.4488750324986
2276.272805295985
1499.0244914153373
254.57089824601812
903.580369656031
1595.3357357371192
1014.8624878196035
177.94269984561993
4078.9661968962314
4115.85615235787
2069.9408238417873
115.00424591922453
3532.330073775472
4155.5028473678785
513.5047541116068
2094.2739096857754
2390.8381134080814
1206.528513253112
2577.110020619964
1806.2652394329666
3176.575570122208
397.98308842154256
689.2366666966251
650.7817290387869
222.5507717756342
3898.5562306735656
334.1999356091253
3828.2741581315477
4003.370168990578
2783.6734894487963
