84.04256585701498
2368.1032695350527
3625.6798779290584
4043.860461213796
3476.3355160991755
3787.3095749017157
163.61437938391595
1997.9114517723401
397.98308842154256
3828.2741581315477
4111.804044566259
3097.379492177125
13.922013889442788
1411.8752996351031
3905.3352818866906
1544.1447699715832
3575.4730139867047
2609.6973381606585
335.0221170664233
1462.081558637018
2935.441951839228
1749.4698825327894
3351.1577755765625
230.18727942369767
668.5139236578651
4179.711456617553
1864.3980320348683
2212.9794719609054
3572.532130779357
2544.1989505272004
3982.0244209515267
1214.160506668648
2417.043963531398
1403.860359064156
4222.709296716016
1525.5463491389376
3885.586701237401
840.510252471797
3287.493104909843
336.4777307806879
