2628.52929471458
3883.1235000323722
13.922013889442777
3513.116694650637
1013.1568328854084
368.4562691224468
1800.338085569147
4063.4315984047607
777.1903019269964
4099.534076953406
351.140636004767
1472.5934309110132
2469.543760727878
3313.230057972032
1973.5790696476975
3970.0978904903777
3870.4126635874486
50.22406099416833
228.27552714507294
300.97875708094085
2956.2661518936657
2313.696826403414
397.9830884215426
261.15414087681125
3997.915881143923
1655.4515064204181
4018.674710623299
1977.9053184612012
308.44896904125
349.35070196973663
3169.0151472776643
3828.2741581315477
1230.507096989655
1322.6144727752264
1016.3085499731527
3756.8505703875257
637.8029261134651
159.39204690786985
2766.7307773400926
3040.88996339136
