3828.2741581315477
59.50779147173768
223.71314881940535
3616.718728333592
3923.13714691044
397.98308842154256
1155.875034645435
941.2849928498028
4222.709296716016
3690.377520502955
943.0908982300251
159.13991742591503
1786.3502623694433
1503.7678037076648
2620.45508659017
1645.0456981961074
2448.2588680197887
4169.781745696
3996.8258068169393
2674.391345657412
1475.4120822604816
3350.5403799778805
273.27207004989214
356.17462441795965
13.922013889442775
1982.2936175508605
651.1657049489825
3112.4450953137425
2903.0310456725915
3714.0365588593563
4153.142655116009
2860.79227252645
4109.7548759235015
190.0987206791838
1746.4851077745384
2161.7404518028757
2771.8176116947307
3730.5006443255406
1043.6455915982015
1031.0522659639626
