3888.7828402958703
103.49102966793494
2923.40096200903
2767.591107944388
1588.682969735566
1133.362432272841
3828.2741581315477
2978.6809946893823
3808.9955160234085
2606.0019762073534
4127.272168772035
689.9174939647373
379.73942738343646
2729.837383852439
2535.419523676515
3437.647771218887
4162.032623930563
3096.1403729079752
999.1694036365229
2598.658535919977
4222.709296716016
4036.7904612091957
1557.3143753735737
2200.132343074295
3934.037590748171
3711.8106518987697
4170.044122439855
3575.477456747466
3994.925783064877
250.33079202844203
386.7862525424066
1520.0408037350064
300.0656261060324
3964.601989821913
1520.0408037351087
2404.711590897965
557.461049699576
2324.241790533617
3284.645946283103
1834.451645734913
