1513.6695163998058
3875.9263541486107
2099.7384694430566
2883.1771625111974
261.35788084203654
4161.8766362432025
338.52959400780173
3336.6415960149657
1174.188375164171
3828.2741581315477
1911.7663200282457
3466.754150114022
2234.3359731476694
4007.5577790826633
4222.709296716016
1687.3439223185783
614.9520458030191
3239.3685327225567
2415.560529091678
947.6511439449969
397.9830884215426
3920.587330226841
997.3125644747973
2969.5752944065266
4093.517812834248
929.6307359642607
2938.591905009688
3760.433124563069
783.044749545986
4040.2361361606268
4122.593422275853
13.922013889442761
132.28004859303712
176.5815970968435
4067.6759966921354
3608.769513425996
4192.292966479609
2298.7186831428608
1950.3427915218517
466.3189244078155
