3828.2741581315477
1427.9662677379647
1330.6230769103909
1877.6340198861337
397.9830884215426
3957.4171654282413
3320.0848521918606
892.4345674748529
1059.9085553236664
4077.338472651532
2066.8851919899935
90.58312586773978
3919.166968541561
191.62520174770674
4002.2376838086616
4201.174367089226
13.922013889442798
55.466493276494326
3438.077267131648
1507.2036982162526
1340.6415998495484
1213.071437584727
2691.6709053690693
133.36410446058656
2407.6026782465474
839.562858240381
362.454288115043
2095.5327595700687
4133.237580257644
3644.290768906531
3877.7653132800588
2912.849978893236
234.6652420329735
437.363428082005
304.7891962820295
3006.5035969196524
3058.2803482508284
1157.3241649892334
2253.7253371214315
1923.0165875267871
