157.32084244831827
338.9294498233518
2334.2014023392258
3452.855992893587
2822.789334767498
3864.0232074624214
3330.262548810979
3902.483662853021
2541.684815081528
2029.1524397590294
4222.709296716016
368.45626912244677
299.0916275262379
3973.672856523617
3828.2741581315477
644.6953934818652
3651.7726979241656
3110.1559343233976
4146.026920834835
1001.0742335906206
3937.357879008485
3537.1064076692564
1402.550109400523
397.9830884215426
281.79055443405923
322.99299110205163
216.3744810465098
1484.9290594264667
245.90130034560562
13.922013889442756
931.3496728519704
186.847661747414
2825.9902433435527
494.01085570088003
1614.0622877772435
71.05829066307838
1046.2545326640548
96.7975029297938
4097.867514780227
131.03722006173382
