2882.147635603979
2692.8872914913227
2601.364749602596
100.48514169624211
4049.166836535073
65.96032350062704
1200.3999194355565
4138.111730680274
1942.670617579129
3543.3257397050625
3893.141914087615
2979.28154535759
1407.2360533507272
254.2953703932254
169.4675335002927
896.7861305223628
4185.794177508159
3196.782130865082
3987.738156757166
1606.6364191413177
1832.7311108038762
405.44048087387006
3828.2741581315477
1249.189035620234
303.1066546424567
2508.8987000198026
2589.136901430439
2506.101644282332
3943.549658317907
397.98308842154256
13.922013889442796
4092.423339390153
3640.9595149877014
358.4732359234541
2159.51114164471
997.9395917133179
2388.457974851326
651.0358764327825
1094.8494394337945
4222.709296716016
