385.65220470946724
339.20451173457735
2047.469034366201
51.275256787938076
3101.5423638320267
3828.2741581315477
3649.5701602772583
1598.815723087234
2250.314130339968
141.3443178703326
3458.255273273622
1900.2024794968795
755.4547949561445
1298.1014711859475
282.5969360683591
2871.9221854536754
3203.839514567745
3718.939414206021
886.659871675685
4144.9463495006685
2538.924796525003
3059.649577941063
1688.4810978761348
2606.6608503167245
1733.771820656311
740.6325159776792
2021.1686345590342
4190.283518547008
246.0511709879327
1142.3009488267726
4062.8492143960293
535.8710976818354
2015.4271939764776
3859.238156859242
4222.709296716016
361.9719812990928
3836.71145633851
3940.010860572248
4004.5402373153693
3892.8791819109447
