2453.8181521495753
397.98308842154256
1967.5395353095564
1733.343674851474
4137.781369238308
3100.1716632009516
3621.315389040881
4083.5914797610485
2927.0654079735327
3729.592162985866
3933.3700487897518
3828.2741581315477
2804.152370953235
3547.2372801288025
2367.8414735159026
2712.7553757247015
3874.1050456428507
665.9799493893088
4010.4603594194496
77.32173197049222
2591.3661991024014
1593.1055730121554
2110.6066618979476
1766.8105872013618
3973.799335205893
803.5425775462732
927.8230963090157
1446.1810124444637
573.9377371325118
1337.2177676253293
2845.7720064854802
4123.557062511213
2876.112533325454
299.7123922232515
1202.1572397021855
2601.163134803648
4181.0126425190165
42.61121751117062
2224.462756698412
3262.2150975453656
