1776.5871313515413
1408.887520512226
3104.312067098089
363.65199189442427
3717.8582090380996
3021.5769593175273
3436.0308067061414
2427.0010140318614
4097.927899323258
3646.09942637504
3692.734599440133
893.6942179546805
4222.709296716016
3494.8761293913144
1561.9886747666808
812.8328833143609
2031.3806391630897
72.98179709793693
3828.2741581315477
749.7117576532652
2377.6704383423516
3602.2648055859745
226.32812697939443
3919.4148811042405
4101.580940391206
2330.9567464422757
2463.9580758652455
3994.2997125828597
2967.791734465311
125.03019776531602
1175.4775224653638
281.01551554512497
170.26479550679164
379.22897960254005
3223.8787499786386
3715.489109193728
330.39694357903585
1632.8164362259054
2006.4528044518838
2361.64481012022
