3550.323849939098
4170.7970997911225
2157.430926599511
3169.0393784429175
3569.815284637416
503.0840942448597
2418.722921492802
603.1235157735754
4122.09629533566
1687.3430178776196
4222.709296712092
2946.2035872822053
4070.608061438249
350.3090208579388
926.7920307362282
2687.981864060501
3718.3182957930667
2823.4943200349435
195.62310780666292
1564.1221170996382
445.1022818373639
1296.356366521955
385.5233689026175
2012.180373391072
3054.8430732567845
23.4916115387485
1370.0950360024085
2811.2439064034106
3499.860843546524
397.98308842154256
3828.2741581315477
1383.4503022575236
3473.404485163109
3899.8206325391902
2383.8544993061223
4019.4075919151683
948.9649587259919
244.00771240399956
3984.8493815894917
768.9503798458795
