137.1611862072179
4129.500228649805
269.7170697310967
1216.695063579672
714.015089013704
503.7649375487483
2922.9019240440484
1641.5362435043921
3595.391407287195
2023.1646703167967
13.922013889442791
326.67643797945937
2104.5226008715576
2646.45565031957
3923.6896484194194
3446.3751285618755
3868.8275094368687
1033.3105650869202
2349.707844959628
3104.9109688012586
2211.515388259727
2053.883796856313
3992.819815170952
380.4565178276229
104.55767259734856
3347.6418647021997
3828.2741581315477
1763.578892037484
1022.8858852824516
44.46021472607278
1476.17539060959
180.20307667053726
557.2706896925827
2939.8795026684056
2713.011315205653
4083.6831542595387
73.98703402516858
1414.5467361403905
4179.752481457054
4204.900206595495
