4174.1372030409875
997.8202919472886
3278.7203387228537
3926.163565503121
892.1854606993368
4079.81128064431
1102.707980119619
3354.2718414020865
2221.0206981545102
3207.2652384914813
3958.3502258644007
3575.4755175143036
3790.862950053651
904.7014595691519
253.6219361854245
1481.2715539135136
116.40000133511754
1782.0989719917122
3195.1990267928168
3535.363446469591
3828.2741581315477
4222.709296716016
2447.247681089987
4006.9947082152275
4133.362588619635
1822.7038506678655
2461.4814321666718
2842.8490147644748
1349.0237751616257
2839.7444228675067
78.71767411757371
397.98308842154256
793.9928669171259
3034.635618377618
1934.4600652068193
239.28937528592198
1999.0107498750333
686.0272041045719
365.7845139484732
2157.8334569582776
