3561.6192719031214
1888.0690764343206
319.64179303281014
3787.8426908546153
1712.421298888547
211.91251674396557
1251.676854905762
4158.310401100083
3499.196154135386
397.9830884215426
2199.455141241682
2978.169450132189
369.3284595289234
259.39236142342145
3948.296846903514
3828.2741581315477
1063.3754799742044
2451.3526112120517
4222.709296716016
151.1230103494363
1526.6840800256127
2010.959387891642
3674.817195292121
4103.599496853394
1203.3636508105972
709.4026861671521
1311.468511229058
3306.0736304331967
555.3014001316085
963.1220263555908
2833.2799639077625
4029.590746001877
3876.234230252519
2552.876926999392
1701.2975787273963
1588.1781408705242
2932.4800023402418
3410.0163417349786
2129.0809006503046
3712.375520480793
