1902.830364870829
2092.812878645211
945.0264190780078
3741.66367761866
3266.492937890016
49.249520956214496
2019.6938791428656
3828.2741581315477
3381.7751011016294
4094.6403361469133
3498.1308693891374
3111.464035107794
2971.240679379411
3578.983581011394
295.67318525527253
2011.0296504869677
4220.7722756832
13.922013889442796
246.48596132674777
1049.3404617080082
3949.756426310174
348.70825012359575
3669.033650265763
2720.81085871203
1314.8324843285466
2719.704573735433
2534.676111405358
566.035814132065
180.16263821771514
478.12909401080276
2433.049752615158
1590.0857482593003
2552.5566400333646
4011.8442358405237
3873.9830585615628
784.9691203211785
2185.4572562504877
1785.206077653303
3516.968540450052
4144.0977073608565
