2571.4202722576483
2397.1531086662167
3181.383240028903
1995.3979883289855
3511.6152320682654
2777.9837314587803
2202.040938661959
1593.4989432243856
4044.0155576491543
640.6112396310398
397.9792628821861
3828.2741581315477
4136.994931382516
260.7427461049545
1867.862535841439
3257.541568278879
4222.709296716016
3019.4287921019527
514.2953238593951
3597.8170926501607
326.4747050230091
1702.7852614861567
2880.486351870676
2174.7849920722247
3021.3031829300776
903.810106016399
1556.751437311601
4003.160351844412
1076.0114550467902
140.5488338950056
1201.045439375864
792.8702921576912
3910.1379305646615
4176.343933188673
772.2209963773544
3166.5761421473835
3860.5348514973803
3413.401898596966
3953.3354343392652
4096.925605321607
