2005.2800954954923
13.922013889442766
1090.8906759880879
1681.6715163777521
264.1339052120239
2725.6917313621025
1852.2155634339647
397.98308842154256
286.7786829818448
1405.6456426769923
1995.9406630844437
3828.2741581315477
840.0349933268627
3475.8289441418533
3479.6686021523265
4183.05434082314
2851.0149803170834
3242.9894765277
3892.38755285959
1534.3497738090555
642.2758173242237
82.94961865562584
135.2770204273534
1229.5037039249098
4142.240603540543
2908.8713496518726
3939.1286016775143
4062.0251342792967
1068.2022233607236
4100.867427205418
2100.4692770533843
4222.709296716016
2582.9465842703435
1617.344549803996
831.5864930079924
4016.7351263343953
343.35922312465163
364.347262048964
2177.4395831033903
182.4050801277362
