1334.9125134623378
1112.9622121527705
1005.791533237564
560.3585577457447
2417.5068731976507
4062.162133575839
4129.441932447711
276.44939991462525
3415.0310891431436
3828.2741581315477
78.9684184198801
739.9188818841274
132.7700778800442
203.88255206672963
1809.9585261913303
3611.51523497209
3599.896327839522
257.99491269952347
1586.033608106027
4175.654299123282
2149.5069774380736
2773.436950199646
318.76982162033005
351.406021921282
3491.9895989086453
2244.7815938503477
3870.3478041411267
3213.694507766272
2069.1408654610336
397.98308842154256
2680.3457283917674
3999.9438305536864
3718.7658732516165
174.35573276763387
3121.890394246255
3345.4946970539318
3948.174838725239
1650.9897841209201
2900.793593700398
4222.709296716016
