3927.1619658366135
3342.015489194563
3828.2741581315477
3494.616992457364
2840.803180228443
3468.0762168615283
2712.4818478202174
1820.4826752796898
287.07702984941886
1106.9713755360783
1020.9303245930585
1157.8749983354014
3260.691578208211
67.11789716420542
3963.133639097282
1301.4450040679083
1886.4298991114779
397.98308842154256
2414.3070432293102
231.00294413770024
919.5387192543795
3288.5447376129086
4144.64741746723
327.82758198374444
4191.855677712521
2700.2568942355724
3758.6503619959717
4222.709296716016
4096.847132802435
911.7678057712045
2831.563069795961
4006.3601408835248
3278.284705397861
3879.794713842635
1832.1411839555687
3321.8821079509935
4051.117217203311
467.19598909320047
112.10877109008726
1160.4174254750308
