4118.453375507365
395.67402194041455
418.97699562330956
129.1896844580022
2324.7584501720817
3236.4391443056707
2443.0783977039746
3268.9029854382143
13.922013889442763
1651.6727986094043
3576.073887264774
4086.3580756229558
397.08679084392963
1178.3186739261216
1686.5862362975054
656.4333205541742
902.3862271426642
4032.061020905808
4182.071883204296
1433.7923770250754
3945.2154647480124
2688.7111650820684
4222.709296716016
2957.898518693738
1985.5318104689886
1416.1440890115086
3828.2741581315477
649.7954429613368
1564.6204628463113
2718.281062443063
3622.0160140625308
3987.990860063719
301.1021312142197
2639.5612021708275
3894.36161040806
4056.8504397525257
3486.6797609963023
2316.08515504379
1779.235614966633
2663.0585552825532
