262.9971970564082
154.64532643589453
3828.2741581315477
3358.500067396275
1979.118494438253
3910.9263408312386
3122.957611436445
2726.2882145079748
1469.3452921501475
1839.5540935046602
277.6480641540791
2433.6135853886217
2147.831346387758
1466.279297505444
2369.7618871672043
4043.615824128272
2901.236161314525
3864.8421658014568
4092.218084134336
3567.1393354546426
174.69471716981423
2793.0400735087096
355.525262577539
3971.48189779505
2554.9683142402146
3672.0580788608236
1608.0882294944304
1039.1177343321547
3269.03314069315
801.278155370808
1455.190917892599
3401.0158034173464
697.5674649244447
2641.535272215005
397.98317286440056
1345.8179440077474
912.7953205399099
1400.2300370162968
1431.4453594444897
2918.4254802682863
