4152.0823493020725
2966.8218070376406
696.7031340588015
3537.4074129915616
3957.186637804615
2217.6531967516053
4192.292966479609
4021.221269622283
1057.4483039305517
1389.6383512671061
1825.6542996261787
2537.3648317976204
2879.088216352398
536.4041840590321
1946.0150006797778
1914.1615205955536
397.9830884215426
4115.100734089474
4064.8775238035123
3042.2436028582842
1548.6014642111888
2641.032776091838
453.30742564474116
142.33388577852693
233.88135854566175
4222.709296716016
351.1589506137603
3666.9721927497167
2355.4336816918367
3575.977797641735
3861.237705010208
929.209904149409
1190.6583696581504
2528.3464404368265
311.7136703691737
816.9700834954507
1566.8139176037278
3243.1200577769214
3920.005572176993
3828.2741581315477
