3909.885425551496
4039.229629011291
3558.6484028335803
3286.386626264257
161.68154076507494
295.6831496780921
4139.258566773695
3392.943454929902
3864.513120367661
3490.947187338791
152.5945013312138
3441.8397676575614
2408.363374252727
4188.964617411504
903.8894437189891
2053.3940293754017
711.546114736105
1777.1325515385538
3111.338175090772
2606.3379409716667
3952.316479733445
3990.692261990397
1046.457612648598
2064.5737573270144
2860.9793249253794
4096.152287991509
1393.3802642985647
1507.4662533116107
3680.8212339136653
2239.4259347497227
397.9830884215426
4222.709296716016
2498.6163495115193
3823.3158089612934
3428.3869163003446
3025.668874797321
539.5325640153826
649.1970911839055
3828.2741581315477
1217.8231738560382
