3951.137415772964
3990.3902507685957
1042.93617602128
4127.940016590647
576.3802783905738
1955.0793822922876
330.8730435436685
2418.6416462874395
13.922013889442804
397.98308842154256
252.11834720446487
3296.2211246318843
987.6511970316723
3828.1995593621796
1173.4697093436916
1893.9325503017133
4168.692625545056
2513.7532615104687
2707.842911013109
471.96586578481833
3244.5142366823757
4062.4504904828937
1981.8173148987828
3189.583667291768
349.06945182468166
800.1215016458168
3091.9345241761516
68.5361003429466
1136.311574524237
1170.851583705011
3103.940610479547
3856.944066191869
3226.2404552320513
4179.565451406918
1506.65429432963
3905.0142121774456
2520.027687861125
1345.9381438147059
1793.1578202652006
2210.487328571442
