3683.7714280452465
1111.2444655374982
2431.5037067937574
3464.955991092757
3858.6904883679545
650.6450024927085
2183.304428194306
1326.4193789203207
248.43294568363558
807.2536228182223
967.6710447041714
2071.748066598698
2173.5611495522644
4073.9335303358266
2716.413200819225
1198.7654058959865
4222.709296716016
287.49258570891766
3081.100342862116
1508.1592788542234
2653.233522559454
2922.271153379966
3963.3828380161995
3112.3528410016725
4022.454655705165
2050.7841249663093
3468.198969149596
203.73020679294822
397.9830884215426
3928.740806743767
2847.936865100789
1312.3612904550369
1951.5175015797881
1626.077722364644
3903.7946060977883
4122.0259486865
76.10608564325963
3252.726447532463
3851.782994216541
3828.2741581315477
