2899.4623709325842
2849.1704245572196
719.4147627797502
3575.4638326703803
212.6970247544886
2783.0064004808173
1331.622391404351
4097.388815207684
132.55119173044451
3751.0356984264427
776.7230137273203
623.4702145496884
13.922013889442809
304.3120431265533
852.0739555467476
1601.7498602126575
3852.9576482078664
3828.2741581315477
355.25760144663457
414.1578430358808
397.9830884215426
222.92123594751064
2276.169952629662
1218.2443538210468
3050.160402734869
4222.709296716016
3646.8221604484816
4117.478763662092
3359.0370863091057
1961.2713419768993
3757.875611644799
3168.177625235352
3630.4581214555396
178.50783836641034
2476.9478792205878
947.446178154467
1774.5236821926424
1321.2917195309592
3246.2594060064166
2764.3989572300097
