3638.921835539407
3828.2741581315477
981.7232427043394
397.9830884215426
1903.845101675445
1135.4031534002156
3212.3822394310405
3862.857766024409
3627.16315891621
1327.6727347011952
1641.552702930884
2882.232840717929
2231.4580016068753
917.5491516766665
3918.7630449117323
1769.501590700124
13.922013889442777
4126.607483188918
1280.281678661312
3502.5214247422427
274.2948759101535
2521.2357050939218
4222.709296716016
1437.0305664516181
57.49889897969698
3353.078953885356
4032.793983194273
344.71063051038175
2311.63750036821
3411.513221767884
2717.8082322354835
284.0368958253393
4184.864544150756
2718.185240760481
2080.643456158759
1794.5911989106364
650.5383111343053
1006.4431450218264
4078.2006146169088
2389.460173168414
