3366.6151645363693
628.0593181231449
4179.294314167026
555.036454087324
3307.5124146505254
1543.7304231258972
3435.232373173431
3827.350650113795
3858.6904883679545
3198.763622720029
3262.0761824116194
2311.229201278469
755.2645696918635
2196.416345230307
4051.9688238744784
397.98308842154256
1712.0580202859285
2715.546611922171
2122.1723813177273
768.1159626109561
1888.4166095762796
4016.361027161198
169.81291960286055
1158.6347464192002
3635.791910156662
3942.8825706123853
4222.709296716016
2552.5800920138627
1280.3145202106002
2460.6090938575226
27.933786019294722
3828.2741581315477
4125.462161198033
345.506570677615
230.97355706038616
2452.9142262388677
3034.342704552432
2469.1823110369432
3185.600678327395
3887.6900919255327
