1651.9830453662405
140.90857978775827
1521.1692688321684
97.21035909721681
3000.5890207761277
4192.292966479609
2548.578775763335
60.04650152269335
207.7175694825247
3828.2741581315477
441.69663451026975
4118.425491212227
649.191158588287
1364.7729662084748
912.2830308485663
899.2373222612009
2355.5464028577403
329.62605993905265
4161.8766362432025
2049.1102167528065
3098.3737525423867
3862.1330314888855
13.922013889442796
3072.814032441006
1857.8813268607075
2978.353574897148
3904.087976107426
1107.1479169584456
3955.0790744429205
2663.0846201756963
3113.3863719360206
2805.5381513946422
1211.2670762571902
3431.8114716650593
1250.4785241426446
2377.740569953473
4222.709296716016
4061.8541852235676
397.9830884215426
3229.811116629399
