1622.7457679386252
1781.2357369485696
650.7817290387869
4127.5459781260415
531.0218340759602
1765.8573947761795
4055.155549054171
807.9872771570613
3828.2741581315477
3926.8633444841744
2495.876937801843
3535.917336927751
253.7819554597492
3756.4163942682353
3318.7641314765524
4222.709296716016
3976.760833241849
2320.794565550692
2379.7438490677882
2919.3257316438894
142.74536263976816
3266.2715566016286
97.81169285156079
67.30229311267131
3359.5019589859135
1607.1733085149376
13.922013889442777
2587.226116099255
397.9830884215426
3345.5548833578064
2699.9944645714095
3886.1045498034446
313.1566424781306
913.8496477450049
1198.7213821155258
3575.4755175143027
3995.400127890905
2442.9165904048873
2035.2573531148053
1029.8290188088524
