2324.6197983981374
4067.07686090339
1884.5245666568685
4035.9859292994297
2647.8947418906687
1569.559762861501
4222.709296716016
2463.2840641278267
2099.856149684725
2772.8047085133157
4192.292966479609
397.9965704060246
1170.4836647384182
3575.053820664398
4131.460555063321
3638.6182429841842
562.0139875649959
85.67740254963397
2087.148696814919
3888.2043665867855
3936.389568377362
257.3536083277708
3290.764371951459
834.5028897941073
4161.153765628222
2997.2229797763957
1040.0242720291706
1769.0516771876535
4001.7663347809903
3828.2741581315477
4094.7657886217276
2502.529478054161
1896.5142724582904
3234.042561927794
602.764200068027
2859.4226856239998
630.3722780938311
1810.7389446283019
717.1623446205014
455.2317367075278
