3375.1972662192993
4043.0377081904244
2219.0839712651136
2810.604475135121
1440.8021155553574
694.1058366130482
4192.028933301899
1189.6992884637307
2487.028276331416
3246.2064888984924
3935.860824369469
1051.0972740042298
1166.7262314009893
4018.617939630074
3981.1471023484064
3165.0812993813806
2541.111309407232
3488.207876843471
397.9830884215426
3808.15092432059
2083.697021790079
1887.5943786394193
4073.0840452706684
728.8726437459406
2655.7630803820093
85.42602997402534
670.2818619602763
69.44468221119499
2360.969068328138
2702.329273956407
4222.709296716016
3692.3562249060938
3136.769825780868
3828.2741581315477
3893.5335614494707
962.5149618887691
3013.9240228000535
3574.3395284711696
285.28211720106646
2023.8632634373798
