3870.1641099408025
3829.406930672645
13.922013889442756
2429.797966482856
470.9732323966992
1736.8927423720666
2282.945933395644
174.8438433824138
4181.1027608894055
3470.6714875481666
3130.72339766173
4132.36853352897
2868.652521287708
4222.709296716016
630.8063762697146
115.8559412864492
1322.5992290345073
2982.207815541008
3210.237801925116
3828.2741581315477
3562.4318200567877
3305.0031964826403
1562.6637566201102
2841.8300039910673
970.5623480441461
634.3581206348957
2627.0305930293025
2142.9699214792863
379.00092576671386
2023.0919532504734
3785.5865232057163
4037.889416462571
1182.8435565128548
1808.8543001287217
1910.1297437289995
1805.091735146637
3416.8288356083053
783.2753797318447
244.22860880168804
3722.262708294418
