3404.660520431249
1747.5933573472198
4222.709296716016
2404.124227381965
296.8433185685603
3901.3905760663233
1711.3232151008838
1039.3169467142432
2256.038216764882
1111.787504630208
4025.131494447223
397.9830884215426
3828.2741581315477
1891.3439500102143
2737.7296688557344
1183.0677744004965
4071.6258461910766
352.0283710474694
24.154622699745897
3101.9293828683576
3493.161625682619
3401.802477561373
137.922834592633
4155.563259669139
3238.625296048649
3069.747217336224
1209.5281617522867
1877.6192415101616
3457.922714831693
3962.8795238245716
243.23783586557116
2007.3914231627318
2941.314041058497
697.2686690242624
4180.348649772941
1874.6521785197265
743.5021924850594
3351.9197273517348
1380.1467944770952
2575.7514667797695
