85.97384941586796
848.1074961947616
1072.7392813484962
788.0993802339937
3902.519299214878
2391.795470462212
124.11084921486972
2598.5792360885052
368.56845411195417
179.2202811425566
3365.1230212096216
235.34687152772094
3217.3687901539515
298.6881421921491
604.518520093035
13.922013889442773
397.98308842154256
2340.4326429437565
4208.159636973807
2138.8958692029737
3828.2741581315477
1120.687319582454
3963.6691652140626
2775.895107120089
3102.0873148778487
2840.2820340677945
4031.4584466291044
2073.6003308425993
2389.68710995619
3524.0175259355883
4142.601294603289
3213.6803002242723
49.35298672709382
3858.9152156280197
4188.885859588637
2341.490163629923
1907.3104642397338
3423.9307676122776
2984.198790493594
1349.0356575413296
