3828.2741581315477
3608.849483957033
4032.8983284807164
1949.62938739326
472.0840374252294
3396.982533072512
3155.348411281262
1154.260443378671
2137.367780322368
2966.0876706119643
2839.617647528187
2574.5114889568813
1529.3371874868121
1315.885563540013
340.05244833191523
2308.6863909303706
4222.709296716016
397.98308842154256
3885.47266933931
3982.3725727284823
861.7071094474416
3944.3452358915215
3617.5596453489065
64.85134880705382
227.0591898888077
3044.9259401861264
2543.1703762302
3865.1733174288365
3664.404597349958
2050.4810615725382
611.7676512679453
180.99861676927708
4187.578218896473
4145.011795212445
3259.77811346456
1255.396841387078
1824.1898449018663
734.5323144805361
634.2118211833027
4097.53472797381
