3004.7304548408774
394.7710567154116
2480.630632411651
1439.1902426152078
3872.504280758337
2054.9545340253308
4134.1512580989665
2874.5240447806673
4180.243954260464
1033.9119057270275
285.469474788807
3910.9855826927837
3122.1398160495555
1548.156684298128
3828.2741581315477
3373.172998285694
15.122389646672511
2319.1136149089393
3583.770633975196
2789.632275666383
3974.4742486406412
62.60241164423704
1869.0753130995176
1988.0363936106712
673.843114310589
264.6428537110186
4059.3139134236753
336.301246863861
1822.4997378328683
2186.2840417823336
1154.569934875275
923.1225468993346
153.80456994599965
2723.7389059638026
2717.7991245050844
397.9830884215426
111.48387028452541
3532.6376012190995
3711.5863395641786
194.97229867375526
