2229.1787321031748
1708.2512650014346
3294.934919068296
2762.9326769800446
1199.5794140379835
3084.932974194472
2625.201359787527
4054.6915858292605
243.6163674664864
80.29142763995245
3828.2741581315477
2372.7173516531166
2895.5212654425854
785.243725194938
3692.676898840093
3518.9092710832033
3950.395345058475
211.55263652330805
4109.943962730727
2809.386201058282
3574.934215275316
397.38507782432987
986.7143847899983
1883.2638560300697
1641.0972500943158
1391.6958242942428
1076.9450568229722
4190.9076366680065
13.922013889442804
675.217099278537
4222.690235777002
3200.148689307508
1059.962408497822
2914.7025359948134
170.64149060122773
1340.5579444591
2489.5961119211743
2048.7866891111835
124.51058711614421
3891.6209136576213
