1532.7725625017592
301.8821303766884
4222.709296716016
2907.788757237904
778.7383363556949
3988.894217270617
1083.9607630532523
4155.861745536507
225.30337844792246
1812.1938925958666
2681.2766132191027
3513.939179334195
3525.6214291584247
3906.4731957798967
99.99686904275556
3684.812984965033
3828.2741581315477
1684.330324393829
45.025150890265536
2579.964555843082
400.2880212945224
855.1254734254619
2777.3434559118955
2927.4863924239507
3859.9257836211113
1228.4177391902197
1439.6157361529758
4032.040017286568
952.8226420038352
3120.188181160234
3361.1558489825525
366.50950236947216
13.922013889442802
3112.838638074528
3464.6616990731045
2435.970911935038
2369.411258050954
4116.314022341247
146.93646181819759
2042.1088812071991
