731.4472952918859
1300.8670225284714
4196.8688728623865
2980.9992580922
2100.5685737207596
1055.2012676321976
1993.7042316912425
3183.6370873398387
328.7720370773044
2508.420831607427
1072.894708477871
2838.5110001178955
721.5590541433289
3972.51956873816
2606.013135631477
4137.265461374463
2736.907461517045
3893.4684279116773
146.80224740649427
266.9390861878789
447.09591442056524
4169.806322305414
566.8687953804417
1434.1782356505619
867.6967353768288
3223.424580889046
4096.191765396584
43.46504295021298
13.922013889442779
217.87550382964554
1795.772800930101
2278.5103950807684
3828.2741581315477
3374.6946762911903
3637.2103517323962
3858.690488367954
4046.672905699288
1602.3886095555133
397.98308842154256
1047.062159979184
