2817.036703065368
2562.2952475057627
630.7905247044611
395.0269129259044
3610.574730033722
1626.6908377205787
2861.348812101139
1979.696409984679
3380.106434770616
4078.942614554988
157.22245841742338
1274.5612538929843
1584.5611746202585
3867.3529045960754
3890.615995527475
50.67056403935365
979.0888641085687
1458.605229439496
3927.943256242873
3201.0366816801884
3858.6904883679545
3828.2741581315477
295.09175744608183
1270.6244381505226
1787.1720989132673
227.56963016827243
4222.709296716016
2649.597315322523
2963.6805611824248
3940.76607430779
13.922013889442756
2375.3391604672643
3795.3766246492473
97.50459073861684
4177.867998322048
870.2827490093096
2176.952253730127
474.25452133437136
647.5585636175635
2795.6719231801294
