989.8823197953037
4082.1623138763325
972.9443332052118
3387.3556511273036
13.922013889442768
3828.5342626088614
2469.4429276158394
3363.6760997897827
2319.6967720628427
4125.938429054503
644.5956299839041
3862.861454685285
2719.979726596685
2955.509167955765
352.0252737212646
4017.1996358293927
3828.2741581315477
3665.7152482937317
52.613821921312606
2722.8065388725436
3361.8720427120957
397.37074889097096
1470.2527557184046
301.04442578916513
4222.709296716016
2340.347221843852
1745.653621834052
2442.7480926501066
1035.693118222151
157.9128939901555
3956.9247692635777
2532.7213731596466
218.32272145564428
3901.2495156779596
2244.5768333871006
3769.403550831874
937.3124503885957
3516.566271860757
3080.087989192793
1176.71663184505
