296.69278799763197
4193.706306280091
1480.7735975178273
912.487797622603
1698.09872399098
4166.482575459267
215.2783289870358
1640.0768965182288
2281.1828993421077
16.829284015163985
2217.467626689816
4019.0416360405857
2664.563958718335
4039.182414764803
3002.755008433182
2829.8215756870486
4092.1682084023155
1313.475948805084
3254.9530807181427
397.9830884215426
183.1775226787964
3785.4063566056966
3938.4901281573702
3294.4757773704605
650.71968812349
770.7201531376018
3087.1114612056954
4136.452804988316
3857.637362888734
1850.7976152642893
384.2907483735844
1197.5136109096768
3045.895753609998
1843.5483837628258
3970.1844501191313
2029.196085256976
2118.0023395463086
3167.5463361463358
3659.812564567737
3206.1535734220142
