1394.8024730582335
2451.309959807002
1277.1171932366349
261.95941018868524
181.510181486603
3163.4848789640437
1529.7998243538077
1027.6999082256602
13.922013889442773
1861.5100113172568
4096.905033127356
3860.7567667748413
3415.4507839083244
848.9206196615546
1022.3732482005396
1414.187454351665
4016.72849610627
3913.6441524517313
1845.4859202863352
3969.1875605416403
2559.370685971838
3617.2571246133875
3087.082169488824
3024.3786744181893
1243.2372328888748
1491.0187191047803
1619.0288328081035
3828.2741581315477
586.4827167515876
3667.738666863525
4174.2864784963385
698.3093543256816
339.3756778676162
3246.5030435970775
2214.7285064899147
397.9830884215426
4222.709296716016
3468.8394367219807
1998.0513755600887
121.55971483908417
