1315.3899741679675
3802.766892400733
4036.3262440757535
511.89119364548685
2741.9895247865134
2681.0215920340997
4015.9062351918938
3510.528650617094
3828.2741581315477
668.2288066657884
3513.9536216585157
231.35306107507864
1598.6607194812084
3675.560871203047
397.98308842154256
2653.90234187261
3547.748523160759
1873.5499604377776
4130.017393072867
3121.1604588250693
2118.679683520516
13.922013889442796
900.9032823149105
3929.5862585615055
3654.503491635826
2536.124515611121
1148.3314545630706
3579.4929920381496
2237.2406133729423
2585.701782116699
295.97516298140783
3506.8240809973977
1748.7196205039834
488.71421596693506
379.85462757009657
119.62907384989185
4222.709296716016
466.30117200833695
3871.1730771378298
48.209762280349736
