4071.87328328549
13.92201388944276
4222.709296716016
3032.3736687794694
1682.8388585602193
322.1687463949423
1533.8643322055423
1081.8802403215873
345.369532548822
3893.549830248175
2455.641140811338
4134.78018661496
395.1678040894816
4189.371691323708
2722.2943365177225
3630.9494462264784
281.1190447195907
1748.155671592384
3828.2741581315477
589.712675964152
2409.0274216941134
397.98308842154256
3891.573353292497
306.18833079317903
83.43013716363683
3633.3846119115738
534.4223506093497
1355.2191698664797
2030.557251895037
266.56051323598166
3917.091672304221
2573.251310858816
3758.6026880482973
3168.2187838284026
767.7635226163914
3256.1560110207706
3440.245740745441
3675.446153371292
2857.5931361753164
1914.0392133791715
