3035.36222277364
13.922013889442805
3867.393988076149
2283.5922054335874
3259.2751495647185
3279.482775768715
3828.2741581315477
1103.2154566982563
4102.5575805231665
2111.8729277241086
1377.6136357567498
733.660366690234
850.1553138460526
1263.809424676579
1687.5707199232625
105.61888515269769
274.5532274553602
3199.099169006827
3624.3726954389217
4179.200277423161
397.9830884215426
3480.258653357103
1881.119684969729
4144.8580419273285
3948.043509810391
613.3573070802114
1537.1343898995055
4222.709296716016
1380.9907415969287
2472.953089973599
4034.3107201396806
56.80943595419576
502.8262873143347
3597.001921177644
150.29214456410477
1643.6124745499196
2822.2892913317814
286.40955643259997
352.39831891976246
991.7034490606732
