1610.9447708206308
847.8461752484612
3506.338986901565
244.4058996557576
4028.4878707709913
2237.0397758921704
485.8551846854248
3922.8767748198225
13.922013889442802
4222.709296716016
1016.4635239268858
3828.2741581315477
2438.928136039154
397.98308842154256
1198.5386392705047
671.4440960610403
321.963865947275
4187.078431694772
1923.687231514215
3313.5725979037816
3713.0675611831866
2190.742591849858
1323.658340463514
3188.3023707312645
2594.1356547993523
127.70557552200873
3150.212011516587
1449.610287431221
3870.7638289869246
3346.675510592273
1280.188450516623
2713.4971145374666
3660.1261433530717
2746.596294815822
4143.313084863725
2368.2921741937103
3000.518131247614
1728.2198507355304
2868.0123452939333
4097.5385871547605
