2979.4268665687828
454.895477642064
2202.9325609938596
3456.8258478989
3829.2097890284394
1114.5921321899878
2571.2104003416157
1551.9478838533755
376.92818241110734
2082.958654718368
3828.2741581315477
1723.8841010407477
3454.762211780617
3162.2628562949467
1017.4279172088466
1960.230566777719
3728.210346961778
1298.3833411251112
3497.6193355026335
4183.889320528595
112.81046868072792
2457.801201548347
369.49291053286004
3876.148833810607
2957.6424144288985
1838.5231443704313
397.98308842154256
3297.415039802866
377.90286562651124
1641.6297288267172
13.922013889442779
820.246596836218
426.6671778465706
3982.2384607926
545.2072573762999
561.3959659893902
244.59421675106364
420.986439643251
1218.8364884078655
3853.9293599113635
