1829.009218693905
2436.807272188038
3584.4849003734157
3224.401134333426
399.2660343424368
3433.8546479391835
3071.077408142004
3871.3196868486193
2310.1597706046796
1909.5081113645338
2777.623087802426
1233.506747601954
2526.809844787327
894.0891857594316
4137.5239834679105
3525.2415244828303
4066.0477522676388
689.5436984702388
4182.235508693011
2909.492563011458
114.08330026721114
4222.709296716016
4019.298079641112
3053.9792528427997
3527.433747922607
1606.6982066727974
1458.962564004198
3907.1819400981217
2185.1125391296005
3828.2741581315477
3456.6915400968455
3046.905404827987
3974.796362320416
400.2286432831661
258.2856077746658
397.98308842154256
2678.538953981958
1059.6090675653365
3345.8234503457024
976.2998207651391
