840.9028480333133
3540.2462531553806
935.5393147924133
320.97972027277433
574.2951376852643
2735.507809496387
4222.709296716016
3728.9064140639957
2907.749526366306
557.1611507870623
3828.2741581315477
1993.8582675502855
1464.677750809216
13.922013889442795
395.4619604546682
4176.174851695215
1706.8345562625186
3404.713177290098
3658.890755147524
4109.683605968991
1876.1530024239987
3743.6383509919797
1867.5553051557672
3754.783498799166
1636.7235279471722
4061.958245223028
734.6925217281558
2813.944146035352
2607.9793746216756
4152.249163705936
272.72799300286687
3112.8700208291184
2879.563896866021
3866.426478494666
358.1283857232552
251.5573959738376
2319.5364947294884
4023.77182900618
195.040025788393
1390.3254224752204
