1361.9788820913116
72.25380806239824
3910.562025284457
3259.7270691829917
3347.3431225126483
1947.3579009040748
3077.3180930367403
3116.3035537060255
2245.7534258219584
3828.2741581315477
3510.5083273746436
301.183259316258
1703.0875380926013
3996.7031839303263
4185.627407052931
3115.7109349825505
3863.136767700678
3401.09355669856
3265.2087856341354
3628.9686114772885
742.3071692760157
129.69542861099976
3703.570574568817
3960.781080093796
14.170519249026398
4129.404515089291
536.1009360445572
918.8704280859415
2311.4586935697216
3754.1721838238645
2738.364977943948
4222.709296716016
2555.161170492161
2985.630141607977
358.1750608604463
397.98308842154256
2235.20739184425
2746.2900286646322
3555.0488115835697
4051.893697507546
