3926.7066840876823
373.05907238611525
4192.292966479609
3564.473960569473
3573.7614013171697
3226.9684616836093
4061.576655064146
2257.53637736496
2405.0953153455357
990.2658316943558
3045.0129084163955
1974.9419023207495
871.029647004595
297.0068714080005
4222.709296716016
1156.8516948874183
4026.4200298011783
3130.7444992658334
1528.3363203048052
3972.2481410143796
2836.7347396228506
989.881572288764
2624.8644458910503
3828.2741581315477
4159.952036491683
1342.2448532104208
2763.3357597748677
2112.8697461978118
2481.172922787329
458.224725355118
2925.7752448013116
619.186230920478
3330.389042918268
3891.2372730777506
3608.7488209746116
3270.121917562688
4111.783166598251
731.3308697281213
3449.7249741797295
2354.2531387748936
