3947.2846406636863
532.9418050289645
3130.605008993855
3514.5071780965427
3828.2741581315477
2712.8476005258635
4151.604058262894
2415.9790655182005
1543.9062552177586
3197.6892587865445
1637.524006424467
1533.684747411678
3006.453194818566
1411.8591561245707
259.5147424257228
2850.757212523477
340.0663216079267
719.6155727015331
3142.2687761256334
2193.8966585550597
1974.3123721193867
2364.6991443217466
1700.8736034225356
1712.1464998673434
4057.2847638253543
118.89860622230607
3607.0276588581637
13.922013889442761
4005.0511631806557
1038.0689431324658
4222.709296716016
3236.1468787285503
1379.1710664189256
397.98308842154256
3878.5839380536854
4192.292966479609
3398.990096430143
1050.3534358983861
4111.530262309216
1249.4756578680785
