3504.055053473402
2540.305886588154
1620.616184349807
615.9806074959074
418.5234627277065
3932.486657216014
3828.2741581315477
397.9830884215426
743.2095395485665
918.5989420955497
322.21555591900574
2989.4918707558486
2239.7884303111227
3860.6282131326675
180.77173700132062
1475.202222570888
3125.8199565507352
2795.998649309394
4171.093403717868
2550.7190496306775
4109.289113860238
3789.647727008362
3363.83570697138
3975.1001964400552
1832.530827326877
2219.3821235987316
220.28844632546128
110.3514162710726
4053.5245171658967
2882.054011190349
414.06871011193607
2649.3474300234543
2110.221171552768
656.2118130957457
4222.709296716016
2999.621611088127
13.922013889442752
1319.1814513617603
1318.7054339131316
1038.6761306054266
