3087.5834965544154
3339.8101024356674
187.95586249949625
3871.035864089994
4120.68503285707
1651.9931389276724
2664.478200486282
1399.2460878074971
2989.3378414622102
318.4841723443506
290.03154943596076
355.9590824626249
122.56083845975328
2307.2576255170197
2392.227316651055
786.6868973059292
1260.7882689583032
3936.4780225778964
1230.6501096693057
1405.7375530489717
1307.293673310583
2855.2950619468875
3536.5582126802574
67.15810984265482
959.5688199229257
397.9830884215426
13.922013889442798
3918.069036721638
2519.21531073672
4144.850222566691
3147.558611157916
1918.4072000888586
4085.9644701591537
566.2843713858146
3828.2741581315477
3802.7529055845152
469.86004563488916
3994.986317682414
2801.2884776842147
667.7004437488575
