2626.5294248867576
3860.1880228692403
4222.709296716016
1514.2933419327765
449.5146445955754
2161.0602189384977
3828.2741581315477
584.6252767314503
1090.7950258221274
2238.311046861716
2167.9477086716065
933.4616019124837
3314.6208352614867
43.448833188538586
128.61603178268592
3734.834877070077
4005.1263171379396
3607.758912118182
189.2354315289062
2841.420678614293
2729.230369821247
1251.8689608325626
3950.5570858965434
4135.873338262558
3138.8009773739527
3187.464828549758
3909.9100124945066
2296.795005807402
13.922013889442798
3247.7593530441673
3202.1336709547772
1706.089095079217
395.7426950840861
2180.860967733018
84.89164260853074
671.6093674729017
707.7916714488265
1428.9420822441612
1028.7396724758898
3408.1754404912344
