340.7405028378106
1607.4126503897035
2381.4253661186344
792.2081400060075
3916.5304450979374
397.9830884215426
2279.806283479882
4068.622415240429
2764.434312170593
2218.0831152889227
917.6799601295986
778.6500836420948
1377.5639905516916
3397.62057956809
1291.866034650574
118.31028406692012
3527.688784998168
40.423426751316626
3381.515516905447
250.9510914324856
4222.709296716016
1182.8156508373895
3012.8178638047148
3222.8855541574853
3828.2741581315477
1159.4938683422774
4155.7819132823115
3964.9053882697526
1766.1793330358457
2596.626637215517
172.09522599005882
2586.7291159067127
4192.292966479609
2977.7812025090507
2773.1420725633343
4121.020531634616
3999.731174781594
2508.886832743796
2118.050252027054
3871.750020754876
