1505.5197097772336
268.7523886782599
3828.2741581315477
1450.803134251763
2438.959518053309
2692.1158621012405
3490.800721204777
729.3967699062159
4143.752724724449
337.4922515059593
1162.1448612189772
3452.8893616833093
2203.976233233457
868.1078411668659
3925.0310659352554
4190.926763059216
13.922013889442795
2542.4713478365225
3999.7920900671315
3841.5738439323286
1332.999190529908
1690.836586057157
165.13300288722633
76.61009188351133
2986.2911059977105
43.448833188538586
2389.6028786888514
4096.350347185049
3477.3785061166545
3663.81906499276
697.7307359135864
397.98308842154256
2162.069580474288
1614.4510975154258
3894.1555706080976
3628.67544529885
1031.2771477795504
1356.0543443934553
192.9041921179645
1800.4615259661898
