2825.2526939379045
339.9740426488924
1165.5584988154149
2697.5020405395203
3524.785808870105
4085.497543499676
3828.2741581315477
874.1044373520264
3230.0060311034113
3048.472356102213
4030.415601262299
3937.1881189538276
1723.843299172829
2403.84075811426
2046.4005398758968
90.09158348264816
13.922013889442791
3890.5856327672273
3025.9995357791067
2347.5770770472886
1267.476296623979
3336.0196858349177
145.94405341235174
201.77616464546327
3605.659029166708
4125.767042478847
4161.385172571095
397.9830884215426
3858.6904883679545
2245.982095530352
366.5839140087124
4222.709296716016
1544.793141171845
707.7218817862
2526.8875681951117
1642.6749234235517
265.95811948113135
911.5703034055578
4192.292966479609
1864.7653325794786
