303.2958547722729
205.84619422716298
379.14635021678566
2338.2853382740477
3152.117320369655
1897.8515329213828
2653.7017059002537
4116.5081187668
3029.8096843718613
4046.8789705970485
687.4338592406554
2322.964587482522
2830.013265609734
1674.1233988907836
3948.0423816972548
812.468563884408
2199.872366454683
1387.2274528639032
49.46504035347039
4154.669424385753
2538.401851935422
2040.1404435606426
4222.709296716016
1837.5648685534577
131.488917541879
1197.0794253094184
3567.252777241183
3938.114446139568
2258.750975720571
3867.1559829860325
2766.050170838961
4085.0811622246147
2878.590512460946
2928.5006172951926
3422.0513973446714
3828.2741581315477
4003.9043198899935
3887.6316748777485
2182.4542118891004
3375.9498480477523
