171.74866308993327
3207.175503683019
3082.3401684503165
3949.0624400125803
3828.2741581315477
4037.606453774988
2408.7082095765086
297.7555503049661
2850.7171687356185
4191.387247466189
3986.7830785105702
397.9830884215426
1327.2613953525636
3250.657130851606
3569.3825240494657
2231.0569076194247
2012.5843642814962
120.24847402393863
4132.145808562285
4070.9414098508414
77.22746537025142
3892.248878716523
4222.709296716016
820.6854566762705
3189.1929592821475
342.48688236103595
3073.0889273093594
13.922013889442795
2984.194508237981
2780.4026517259995
3513.4679675612424
942.9518538674803
208.44189863941278
1119.8235480556955
3039.38749482987
2599.7947910785315
699.3219505362456
256.2701777102404
937.3937680536443
570.2196782844187
