72.72110594707037
1912.1710095900753
3156.2224071199144
4077.1286851649797
3050.074888281155
3524.4201153291488
4222.709296716016
3964.582893188654
4010.000044718029
1997.7242143249086
397.9830884215426
4150.659722604052
2853.494070286758
907.8438608811952
235.00043772913128
1099.5110695727706
4108.003080328225
1594.519048081595
3672.223318406739
2190.979999542384
1755.3093003442766
13.922013889442763
3828.2741581315477
3054.8001894349964
2935.0676846518486
689.8422998388133
2562.883782520946
1451.9589574842516
3876.8523328348783
2772.1392749282604
4188.246477777997
126.57354085141759
260.3083307711
1877.246615562728
3919.702103835334
1638.8581279843288
1043.8594408240847
3432.806383158003
635.1628031074324
1118.647274406042
