976.6492596261434
303.5492485933008
891.9912652060758
3908.271386637159
3126.034477110149
2705.7706687103314
1811.2667303405028
1303.7313038730513
13.922013889442756
1153.916856114775
4192.292966479609
2299.302841436607
1502.238978386837
3860.0639446354917
1451.678637193685
482.4760869309737
113.84536243096079
397.98308842154256
2569.9736894337325
226.9849953714313
3934.94818017178
346.29145012712024
4158.0053404529135
4042.8809566007135
3438.4980089611972
617.3294588628404
2390.071854161359
1633.449297866208
2774.299131634465
2605.0129706578664
3828.2741581315477
789.8506454129925
1036.8350900477212
3635.758892114836
2377.1441644846504
4106.922043354431
268.98794804430054
3134.4308638223897
4222.709296716016
4000.2286621625967
