2180.2122267539094
1382.8814411144167
1847.366431200005
1426.6733978808008
710.1633952169482
1990.0127969734501
43.44883318853857
3902.681428951786
2776.90907882368
3636.794657641322
627.2458405355311
1747.7935895428052
833.9381513228785
2440.4441160649644
539.2723279942712
312.97774903270306
3965.4167398271643
878.3893741280184
4100.525588402417
4019.637292652805
1870.3507322740868
4185.542619865848
3176.871327335309
2526.940142576299
175.31772235971727
146.9020464367808
3327.344264389182
1160.948124237269
3828.2741581315477
3287.040414589341
13.922013889442773
3221.3110333644454
1771.3786137224693
397.9830884215426
2566.5174517537907
1246.1240047340627
92.53194239452654
408.8072811305839
2697.447566811654
1666.5794907944758
