240.37645230972205
1389.383963506743
4222.709296343556
3475.944173224274
877.8167017002285
2145.6283634874967
2754.846552383205
424.02640871277845
762.7772859432221
1317.7280054871521
574.7756593416868
75.78265347868138
3321.2522558751916
3975.7346587084267
4032.5357926010797
1717.978712026757
2421.74774882175
301.3918113310661
4183.3118498299
1381.0287459907058
2306.3302051652036
3310.976445731299
1922.7702953352123
3320.126974286607
160.34108721245394
2930.7835826230125
984.5517630761613
3656.7886827102006
4133.784749573553
3929.1214470722925
114.87893916948529
1126.8557012618494
3828.2741581315477
397.9830884215426
1501.99332825271
13.922013889442761
3858.6904883679545
2110.9527016219035
3442.3502632414607
650.659415332168
