129.14722872749826
3908.48497056915
240.67660037254194
2777.9988766183214
800.7735483296404
3828.2927798603855
3058.688241771563
3946.9628968457955
349.6384924799974
166.56730926842212
203.24315795933344
54.49925071981141
1536.9973249480202
3992.8810092282833
1273.8680231139783
2833.2580279968934
907.2193011430539
2079.9100696690907
397.98308842154256
3475.9152189703623
1221.6185039302475
3864.7991627810575
386.1266248237864
4153.589435098715
1761.1436822394357
1209.8272799875801
771.7847834271251
1344.541411943903
3845.7456941701
2697.0721341105145
13.922013889442775
3244.011679419813
1045.8357533260541
3678.0742144224696
4222.709296716016
3061.1511681492034
740.7306812281446
1016.6354097718868
596.2819597340676
1893.9622067639361
