251.81328845272165
4076.4432652928635
2298.513939457754
1013.6898145919554
2794.6361161057416
3122.691820288268
3982.1116792171733
1133.3820374061734
868.8921701929578
3828.2741581315477
1988.622468391844
4222.709296716016
13.922013889442804
619.7746253145541
1303.515329249523
3319.9457059537417
1535.9887082297107
1160.5937751552044
3440.451377828688
4019.4405654123493
2871.654908397084
2587.8715215610837
2748.0644381545553
2983.807628747138
101.63408776163216
2162.464816057553
1698.165028105708
4056.118729881419
3873.376915134999
2440.9419123024
3214.196367747729
3513.5370407970904
375.28752268653966
2640.0115051686957
4192.292966479609
3946.313149177233
163.9796939201517
1431.0657370537617
4122.906890169063
4161.8291640361485
