699.3870509213831
4027.6118191681803
113.69691270459663
1019.9277434583928
3333.0134176779025
1215.1850398497777
3791.0833609523165
2153.501852807933
3828.2741581315477
13.922013889442786
301.69133772527096
4172.7033957534195
3305.856733038965
60.85086451022488
2508.340686897986
379.4018136585685
1857.2485271434537
2742.3315851651364
3198.754426848078
3011.5616691408422
3992.1287027300596
3891.656165309774
1119.8318336249522
4113.503081716824
3737.738714264663
2569.272122278021
397.9830884215426
437.8027852971787
4222.709296716016
1961.2915377471518
557.1493415882023
3535.6919222322613
302.76890168549653
1645.1748147366125
2352.3976789557455
1565.7861167720616
2390.989833420297
3941.1437266315925
1299.3633432264473
177.741615029296
