3249.593436072373
66.2025327176344
353.84531378223903
1618.1474161866342
2659.71621964133
3828.2741581315477
3609.6267556486077
1214.1467849091098
230.655368530337
4021.851374206007
3802.239216967314
2347.4140175267594
397.98308842154256
908.8191232568981
3262.2691612307126
1976.113632210245
826.2409048623857
2221.1101526604016
3292.038200555661
2248.014304807455
1756.1148319887511
3909.974307828607
73.9078756136581
2063.8216190530034
2474.102201947655
4096.253907624152
2094.9849554215825
158.11281532792054
669.8837855307247
1460.5626912397015
3558.212145223958
291.52540537852093
3989.640574466653
2700.679368615848
3398.348498723445
4186.273998296014
4222.709296716016
3452.2119687297613
662.7509134601376
1455.604660180816
