3874.2061409056296
4128.4774169796365
2358.147081617657
239.380920524607
71.63834706223808
4074.944660735732
366.2526789685472
4055.5176597165564
3246.9380499029967
3912.673896931681
4167.145524815135
131.7059957025853
189.41468206634494
2999.8806236203945
2093.7366939027365
2671.0491208105996
275.11627670897815
2491.19571660759
397.98308842154256
3828.2741581315477
847.7475283420921
331.4067488870613
1390.2067238250086
1800.7372342990632
4222.360163261293
690.6767925764248
823.2753297629918
3357.100846878048
25.10582056350993
1430.982027593068
1310.5551598462612
3376.980434716266
4005.9869814366766
3102.116347407945
1713.2188962092323
1040.1774197398374
3555.789969449856
1391.4615493930912
1950.382558387627
3355.0180506323677
