2091.755937867652
3429.403536527753
2985.4311131839304
659.6120104873761
2375.353696084892
3950.143864068273
4121.6758462101125
3251.3170017440825
4222.709296716016
2800.4315452520473
2864.4354405734452
3680.8827636590763
2880.2136963833946
43.44883318853856
1516.2170411694324
174.18755101758438
2869.8344635608305
2487.0909360030073
3828.2741581315477
2716.4597985401538
2049.780228212463
2113.3927215627273
3913.215095427756
1769.6043446565086
219.22455278086616
415.05492753527153
2919.316759720245
2015.9290833139619
3858.679498048905
777.5916618897667
130.3213282001841
4189.078345296928
4024.5763026669324
2284.8918601023634
1477.894096503287
2412.8916601953547
13.922013889442791
343.6085519883858
3100.75670301934
4161.878709629965
