3876.412783172305
3170.5054466396305
286.31557519063324
31.045643285070362
123.45218139396282
4222.709296716016
4027.8636391728805
2756.5645446676353
241.00607657394124
4192.292966479609
365.66868459126385
3502.9466943021976
2935.9190193409445
3954.671712533248
1553.1598462687132
3668.0837544838287
3973.9275716052907
3298.4906452501527
697.5376796189
397.98255705102133
3828.2741581315477
896.4813746896475
1414.598345211583
3747.8632831354803
4060.596401455939
162.32607993256124
2537.313244919051
3899.628579830066
3022.384946322549
2295.6451192589616
2317.5788016961956
3617.8848934083358
863.0366507797501
1630.2452207640736
891.4723174907422
952.2039020036905
2015.6797950357075
1344.4154933565799
4099.247975401846
4154.949341939784
