1455.448231937137
258.641180922756
4186.228896783003
44.402414129828955
2818.5638771640233
3109.958324869088
904.7032890054118
3084.352724249838
2739.474007925221
3505.5526366594722
3743.8738577153613
206.5524477776302
159.0164014436757
2430.274905914743
4107.358868928718
1842.2187535432693
4026.211518380142
3877.4254943654914
2973.946224651184
3946.831916217614
441.2020791240397
3828.2741581315477
1739.512535308821
558.1209336226772
1913.381383533638
950.7415954777781
2149.5623048042935
320.96611002261295
1076.6296972856578
397.9830884215426
3908.8479686371684
3083.121380512164
761.5155282456805
679.1437359390205
3707.932948121938
4222.709296716016
2311.539600380839
3986.051158647911
3601.6471431783893
1254.6535007210464
