206.4100787926431
3624.1559909078333
2590.999799076539
4067.817265941013
2978.653072137165
1708.2433113535385
301.68201061694174
4129.5313395966805
3207.985976366582
155.8345387273096
650.7817290387868
2179.9018365218303
3123.249277707415
2134.365976006035
110.23524367218008
4083.462245487227
397.9830884215426
481.67039914687473
1298.8017279511153
4222.709296716016
13.922013889442796
2188.5043800596504
1868.369404499756
938.5057112969031
377.4263019646261
2485.0026338887533
2929.283576698598
3828.2741581315477
4168.3419004006655
3373.741860471098
4015.4553467756023
3546.780190949766
764.8817632089259
3899.018856456678
3957.1752114220517
1056.9258602213133
3261.293773989151
968.6715547510306
66.89432266913543
1591.6351911122433
