851.1671908848448
3289.0380871835687
3718.2063077472676
3865.236092234697
3909.1077758417646
1341.2588972694293
307.07724972736554
13.922013889442805
338.831290535407
4020.24529978826
2518.1972299393005
2880.0259768814662
3992.334584346877
158.63152440049697
927.5518739462766
1311.4653897510607
397.9830884215426
272.50736557709666
3957.5174055517664
4109.539005402211
1638.725948215943
225.55992100978415
3608.641710866872
688.4314674760135
44.502148072696116
4222.709296716016
371.9986489782187
118.61556544584687
2266.2977895246913
3061.560642638896
3005.314565124474
4022.223848963641
81.64854958738738
1577.5042054406479
3558.5344808910436
3404.832440250112
555.9956769177517
4012.5035777067746
2368.4556933584863
3828.2741581315477
