4047.4543095751683
2794.6458191558627
271.2500145203735
1421.229942955232
3542.230738383547
1242.171394269776
2007.8194574470213
368.4562691224468
1602.1915740222698
4105.575580776885
3794.690753355446
1383.4726390173155
179.12865068360497
1083.5714365942742
4149.65737551898
4123.72575191831
3800.605552471463
709.3102854195022
595.561705120068
22.25054286438317
3828.2741581315477
124.57397249738781
2930.0525217188765
309.969829612844
3454.9045508020745
2478.100289480515
663.4120777153546
61.81073321270532
1867.0964153694467
2933.080944818519
667.0461632072243
3666.3527280518674
214.0230574652084
3974.564975427118
397.9830884215426
3914.2931301962744
1733.5782461422928
3742.033266149818
3556.6077209241917
146.8863974478234
