3828.2741581315477
277.5554851305506
657.8921168792901
3431.015337959886
993.7894236456232
1893.3246355632468
1918.7357512493134
2911.380148828439
2416.67510169449
655.6037305241434
4075.897146401975
1902.0638242582593
1860.0380584704608
3298.916700210521
567.1810281073057
334.3063138576574
397.9830884215426
162.03367634361007
2044.1564526645057
3272.9276658403305
2813.7188112814424
3938.0515080064583
2907.848707621023
2695.511697531256
1509.0952736725396
3866.6177558327554
4158.487805567285
3155.861654294723
3883.151214423021
1619.0505386866241
217.73358410408213
3058.2832149554333
3638.188127748491
2564.4767405386774
2245.406078538265
1745.5546887100063
3999.843024304741
1622.9616324811168
2930.6950284475356
388.01715750636987
