3271.640927730739
23.01252428772662
3907.8078644591387
4047.9898923806586
4192.282600726351
2635.7345860376327
4025.8620617624115
4153.429829289049
1726.7355260811416
4087.892424454709
270.8387076939981
1925.995542095634
1003.3429635811447
633.2744055053975
2316.0774331452117
3437.988306129987
2172.9705165735513
2411.576098194908
168.9619864034048
3965.6615653812923
3828.2741581315477
4115.3524647336235
377.03875257250456
767.5736927444569
2933.3527618007274
906.25289646177
1461.670542536275
3401.4668007658884
1165.6674069929782
4222.709296716016
3861.0451135413314
1621.7354639575794
3302.3955850957027
1414.194060059459
289.3254906352745
2123.2052186102574
3274.351116588732
3461.1404310359258
1391.480477948497
3089.0509662615314
