2878.389346298513
2413.239601722633
3537.09600353779
3276.9393865523616
1325.2632704082948
3877.7542491199447
1887.8714147057851
628.6045612984778
13.922013889442777
3063.1994852803
4020.617950989211
3198.8792865433916
91.07754971213096
3920.2641315264395
3828.2741581315477
2149.7479481181645
1635.0783017853323
336.36272477267966
879.5584158372434
1130.38050697047
1241.6953454537854
2430.8803437505194
378.73102267736135
2504.7771823553835
4222.709296716016
815.7057851757669
3977.3562073512285
3328.8650871817367
4117.864530492139
2307.5612092344186
2010.7000597988429
3357.900342044696
1382.383881011899
3661.4377797507677
4075.1428425161134
4163.603255633076
4074.6662602807346
1637.6718608765111
579.7974254906522
2504.899158281065
