3212.6105841303624
1447.140595149882
3264.8836526707773
785.1874613143882
1342.877292308936
882.386839399875
1253.5942529414076
2183.3522272090017
3254.4632712184048
2411.3356526192515
3258.832781954227
0.0
2039.5549219470197
571.1981638276361
2609.4355566590157
0.0
1969.9053027855118
2679.44140071549
1569.5150940206233
3231.1117211754954
1095.3988118454115
3256.3063224973143
713.3229771824648
247.10020898850613
353.5067973823517
2735.9278183071183
0.0
2898.207165046942
3265.7126895055326
1147.9460702625304
1842.0517305848343
2777.30779685628
2505.370227770858
3258.1775380413546
3217.5611770418136
3255.292308053159
1697.4706927691868
0.0
3224.301033191951
1463.4954849634394
