2956.329165780865
3255.3968484771167
3254.470965753605
26.882855347346872
2312.534774658216
3173.6174659269273
0.0
1166.615565380337
1150.5682893122355
1496.5449652141922
3254.4632712184048
3104.9390543037207
3060.559136971663
0.0
3244.2752668161343
248.4801990376491
1023.5317814905637
0.0
2795.316376613704
932.5689403848913
2508.461122635502
2403.0401364221057
2046.0989451274222
1870.5253360802376
169.84933072857189
1326.3483440424554
69.73962760790056
2468.8169731731323
310.8255892458929
581.3627958944257
2200.6551201271823
3229.631792217497
1800.8145926932566
2939.6705126951088
2926.823859136993
721.4308747673003
3113.5056138507607
1641.4224256346542
1290.3802153738689
2675.583076343512
