3175.2494902203134
2711.428431566364
765.6229706544761
2548.1293515810685
1279.8937564276137
1132.126850626505
3254.4632712184048
3011.603320663819
3244.469738302252
958.8967540488135
1586.6050154326222
2355.8199949345267
0.0
517.0804348396805
3088.1652862607443
647.4128774219253
0.0
2728.3891460283985
1952.9725342789582
3114.240546574429
3076.003776571749
153.4578970450268
1122.5976240618195
1549.0380610123993
2203.8619390739946
799.8653643694689
501.86698642578705
3265.7126895055326
3003.499754238446
297.6268763077508
2985.539786621017
0.0
3084.5204575455537
1871.270576981423
1714.3917077175956
2074.005621666897
2143.0901562911204
3.6191076895128482
250.96351697995843
1394.7371577498623
