2051.5537894535037
2801.7860022060786
573.7885204109158
2949.4923261763624
2587.5094068601134
3156.13865652023
2450.04578337551
0.0
2762.7385799862022
1305.8008787778372
2669.2112617771795
1739.0065399743219
1900.809453015572
1230.4805566245573
3246.5225209616324
924.3243637208095
3265.7126895055326
2198.779101358895
2188.0841365105034
687.3283247638925
129.6866647269964
1799.5799228164842
247.78592139070702
20.756871233924237
260.02617518762696
0.0
3014.2510003770853
780.8023902321529
3210.5135098104142
3256.9776587344763
315.50877673910395
1053.0060395719893
510.0821613167039
2305.553483357432
0.0
2358.070461135269
1467.2643369181415
1585.9287716382405
111.62008535084749
3254.463271218404
