384.2568654660152
1224.906002911676
1751.2436745795853
397.1417923212459
655.2963403240909
43.58063119726799
2451.598582571117
2358.430067643257
570.6781103748131
3231.6119608762115
2528.3960284442123
1840.9828712557055
3256.7813165408465
750.2985140872597
3254.4632712184048
1522.995373295378
17.693021685233877
2220.0173558500646
0.0
1606.2871786976257
481.50863308526345
3210.364864677136
0.0
1395.601637239713
1969.0538388701061
3233.5189787968334
3265.7126895055317
1669.6630971563243
906.6323298531668
1650.744151422476
0.0
242.54637319432743
1192.53050578633
2830.075510711297
2988.8738600387364
3235.1384320737384
2655.2746100157538
39.56017029822084
1109.2995452305772
3252.064432121041
