426.75210444611145
395.7711978940342
3254.4632712184048
0.0
2564.571018292864
2752.540634671125
1640.8482427031288
1603.0151282883612
2301.2263942384157
3192.0089456685723
659.7267126883048
0.0
3232.1419204015433
3256.0689960505642
2754.3915611550483
2887.4010564469695
3264.548102321379
3185.0396289593937
2855.5975888092257
310.780852413348
2045.8255520713622
1739.7857703568634
803.1586084482798
0.0
2223.1575893574295
132.3514230028801
2603.286221566829
3027.460441105882
431.34326317438047
943.6913139871547
0.0
3265.7126895055326
2426.502776181954
3257.733537240041
2658.01261642961
121.97716985896679
1488.1358830285421
1166.377796607665
1498.910658520228
3163.124287625547
