2094.4903121970997
16.262735370541424
3264.0052940916735
502.13945051978754
0.0
2378.17707902114
2561.8806193430078
1139.0552816351028
1907.015183236066
516.29303701494
2939.0999843349055
3220.406969180661
3078.343078498686
1630.835135031814
251.06972525989377
711.612735268725
3025.5532027319446
3252.7330839725137
98.65598463003573
3124.2022854806864
524.0315931004209
3264.8836526707764
1083.6571435129847
968.7022403509503
393.29010663981217
3254.4632712184048
507.1064207270618
0.0
1803.9395172293066
24.11806528298125
3265.7126895055317
1584.677768396772
3262.809245745641
0.0
1309.2670881484705
1656.6041331559634
2724.3141182479976
2290.4617345891056
0.0
753.2091757796815
