3250.708563148973
1615.1770131638682
814.6542249554689
1978.569173032455
911.2693173750222
2077.634144180631
0.0
0.0
2999.5334780704216
2197.549419984798
3254.4632712184048
632.6477441682882
2382.3424238121133
1380.6666416520056
0.0
3159.468255938038
100.49890081719005
473.96618966469146
3255.547632379839
0.0
347.14428426641666
3137.1137344997733
2615.53739581208
2859.4518780191547
2736.1314945499767
1804.7605847028867
3265.7126895055317
2924.1500454544957
828.8277166884882
3198.3354756871863
0.0
3264.3279035684163
13.137809321791206
1984.1120294721154
1379.0475695192029
1097.716326760373
1961.4305899631809
2316.0362120828095
3262.0259427247747
1456.7599710887737
