595.3317711725159
260.6403789451353
3232.4892915924547
2146.077908184324
0.0
1394.538873513633
2786.776482976982
0.0
1797.3488336962278
1683.84778192144
2090.9463249319974
1264.506788125725
1936.9446565330643
910.6045329996549
1799.244288448679
250.9635169799584
3003.499754238446
0.0
2400.8730703209003
1181.7180230529639
2830.7168361404047
2751.237207235735
252.29726456770464
2926.1641515323727
3254.463271218404
2555.171411436818
3256.398454472389
374.5450008526502
1547.441693183675
2498.707649489622
3245.713423155226
312.95110240562343
3263.3295473955095
1075.07293370095
2684.5355778814087
0.0
554.69838701329
1948.9469733579103
1405.7378698131893
773.1986426200212
