3265.7126895055317
3254.4632712184048
1186.4458714769692
1874.134010084029
0.0
858.1257105297805
3055.5368298576996
5.232801246678065
1090.5792407904246
481.2343003458568
1191.2183064742535
0.0
1988.467515293078
1799.9872778443605
549.8871547474957
1765.6671425553557
1038.5556622326544
435.32654436502094
2619.867917679194
2321.412649715692
1488.9129294593713
3224.2828758281785
2781.7389274436546
329.67252014262476
3256.9724324889676
0.0
3263.874078809147
940.3226023364016
2794.9026164855877
1908.5998797501409
347.73892547652497
2155.8111332845365
2444.95613988744
1638.2808525838223
3260.2912511095933
2587.9088177147355
2946.747895138605
251.06972525989386
86.46656845086545
168.3831229023127
