596.2426070765296
1411.809303686929
1036.5307955826283
1475.672193737656
2320.706067831348
0.0
1272.850309323766
1688.5216972487015
3265.7126895055317
3254.4632712184048
904.3905245309935
2170.8995880754246
0.0
2857.7564325317967
2450.733005975455
767.2916605868609
3253.870883954923
908.3354767102569
2730.3487676384048
48.355629556555854
3178.4674468978005
3217.966709081131
0.0
1838.9268498895228
1821.0251591239012
354.772883177599
2577.8253679723366
3160.837897479254
1593.104495799397
3116.896512111002
1985.8780607741219
471.19181197908176
2042.8843435751537
3262.413979882057
0.0
1706.5469231417273
2781.5805377289375
3264.2609786963817
3227.856600919218
160.91417987825795
