684.6501904327357
3199.4455534993403
851.6428676050306
965.2566292386997
2409.650536296766
375.98073984509
1864.6424444730874
2905.652591764337
542.4926444652393
3265.7126895055317
439.8259239326083
306.47147786845034
2547.5091407389887
2178.613589348424
0.0
2770.3121708772105
3173.7295975910206
1763.953666719649
0.0
3255.425324829922
3238.2714933023935
1878.9611005073627
1161.3927526394514
1200.5291995223845
2610.0374969437594
1396.1385572139127
3257.2361507283276
2930.1892305091246
3204.6751844906653
2020.503540226994
3254.4632712184048
2177.388385906999
3154.0172796151273
0.0
0.0
446.81249991273955
3037.111362995239
2194.24442079765
0.0
1629.3913674306953
