695.0351090420397
1072.6156721875755
0.0
971.5501105050998
1248.320174401437
647.3083146399962
1537.1993448270528
3255.401713156244
3197.5081396547557
0.0
3265.7126895055317
2884.0550249594216
317.7349676551643
3258.810916591957
2235.3491110485897
0.0
495.38436732060467
330.2670025741622
2369.277231584649
3184.6420681531517
2115.8957454125916
0.0
0.0
1789.0818696664312
2577.1648104477854
3257.81297427304
2731.8216699828754
1337.5788542448358
1109.8973322964705
1897.696179000738
2862.416191342109
1250.3709291434316
3254.4632712184048
1537.5995869395756
3142.8621115634414
166.18868231534918
2785.4272977031387
3243.1776890219007
3255.3070758811346
2472.3479283961888
