2569.4178482319357
59.69702613310723
3255.675190721163
593.8250571689492
2593.129824033183
2014.4021745679117
286.80074312166187
275.268713720565
0.0
3061.586599350245
3255.3989760421496
3234.516223796388
2038.826893249597
1208.5886604561556
467.4016994835759
2340.3158040483404
72.51435545311699
1737.6622978943892
1467.8140236769477
380.3800615040635
1374.6009654135185
1214.7168295131669
949.7762843889599
3261.3704725417674
2075.186032692514
2639.760276917216
2810.9354365947856
0.0
2432.970964506008
592.6822147689138
733.7651193480542
3245.231218482993
2947.1364031510875
2987.264248070191
2095.0943522030243
3259.885079525714
2220.430701603937
1297.7894092825702
3254.4632712184048
0.0
