0.0
3239.296936536054
1146.0040814834742
2133.3698542925013
0.0
1298.913414200988
3256.1645216402057
1389.9535820537867
3254.4632712184048
840.8608764617056
1943.0867009565875
1836.900638327787
130.90996741184307
2857.1267278092564
2217.3089540326437
3254.0091447860013
607.8279811990101
0.0
1522.6757435920038
401.3880653124759
61.40385387308677
444.87843799476116
0.0
2306.0427652404433
3262.118888224016
3264.7148257528434
3259.312804232809
3105.444028849545
704.404215122084
1056.800059249464
2394.7949236148793
1669.378594274349
3256.9533741441574
2409.6908103145797
893.5591541483165
812.7133063033536
2973.513624461336
2702.0325676362518
282.8940764194348
3265.7126895055326
