3257.3563008418596
1308.0835521166716
3255.411031096159
1826.6487679038464
544.3305915003505
2333.896143749603
0.0
0.0
2705.4905188670978
342.5413288752212
3231.948459133641
1302.9444879908058
1927.0204755940913
942.1216151546527
1513.6482655281893
3251.088502209108
3265.7126895055317
3207.70806016046
0.0
4.227068333651872
2082.8185831328983
3254.4632712184048
0.0
261.3769498995289
2885.297196663295
3192.415185015941
2913.711409233223
1987.2959256479612
0.0
425.0407882619554
2475.5356523911673
722.085573798433
0.0
3256.396128220008
2573.615978100316
1087.262289558847
648.8917840009926
3258.7313722127506
1643.8806146153208
2196.7866842182902
