1116.8561982317874
1846.2753360035254
1722.3463370192212
3188.339812965658
252.19525197847167
0.0
2236.275664580098
862.8979935845535
0.0
3003.4997542384463
0.0
0.0
3195.3656938144964
0.0
1825.2404101633065
343.50256577875285
3175.757586245723
3247.132289219814
2617.0967624509553
2725.4251018883233
1027.5573205058713
1440.839298234816
3254.4632712184048
71.35695414219936
1281.189129974156
3242.191387514519
1969.8711499946312
2849.507020785729
2298.1259716238983
1999.9168394119924
904.3199489386991
3160.2104271271987
3264.04290123404
59.590713105260676
433.918660674084
758.204387857117
3265.7126895055317
1449.1411882882935
2489.072807702138
778.4443221401527
