2953.1131172054675
3254.4632712184048
0.0
334.192096146685
245.85316210914644
0.0
1565.0865004099276
3265.7126895055317
2674.1507282182592
2828.317306526468
721.2387470290338
1107.5137496460532
484.7161887048592
2012.7815419112787
3177.9765263493327
3262.676891083899
2377.7539967925063
3257.4751559212154
3247.8261543719877
915.7077834423383
3256.0374245367507
1014.2868479521244
596.2559803168256
2277.456124281721
810.698299260581
2690.3060671885296
2162.0053135075927
1476.6492426754407
0.0
1153.9853542555093
3254.951020218231
1400.7542390616395
2445.2487766421
2553.2692318393133
1319.213725272349
1852.3188808317996
1961.1576339585195
1342.11628537851
2859.192894990547
2500.703051338708
