485.60357442901983
0.18194202628010936
1902.538801999105
1043.5938127762656
2.8972016680110046
2093.007280413776
2246.0837142577448
1177.2624994693695
3255.8112960609587
3260.1407470887543
1110.5743437109318
0.0
1811.0156369200654
34.911672818609496
878.139534378423
0.0
0.0
3005.33953147544
3263.2285925143174
2905.2835471165545
3257.0994178919964
1301.9855483182923
2653.4576819514623
7.241850318678108
2404.804970842506
2978.2164460855884
3265.7126895055317
1645.8745540147572
250.13895022517616
3206.557847695368
2593.6856466265453
2779.1957532210618
0.0
3254.463271218404
564.083350317863
389.02473007627714
1206.8297626671367
1402.4614679504125
1516.9488214607086
0.0
