2120.0836831446004
1639.3699086819163
3193.498078850326
1088.5495561818927
2936.8125345639555
0.0
0.0
496.4189250274506
0.0
3140.88678170175
1475.025604099185
3256.162673439886
3216.354995806941
1727.3069128053917
2840.051482183877
405.6440011118113
3265.7126895055326
2299.2291432204042
795.4007349811208
354.2434490151357
1195.4235357951236
3254.4632712184048
2198.812995159902
2858.93296080709
2509.8085215971305
2386.40442846082
1520.624236426051
308.13008588237346
1800.216824342889
2002.9217511003878
1923.844147243236
826.4705927821037
3131.6634771121135
3131.765953585338
2703.516287302196
3247.530777262196
656.219187039581
3168.349787532859
2638.3431098547458
2813.5305245008376
