3259.9648966839254
1206.0599911591087
2348.4776008277763
3260.842109455092
790.7215309481369
3254.463271218404
2411.2502101344153
2441.0808118663836
971.8081220257953
3257.3038203652586
0.0
3258.1835453069993
2601.2411442738658
2821.7791620594435
61.73030186327913
1512.3209985568806
579.4164675579246
3262.368370242165
1064.028390366128
3247.143583654802
3264.8836526707764
1365.8631506694387
0.0
3256.202327986602
3255.292308053159
1167.426575693999
1494.5381169977486
671.7815004310513
837.8541812783106
0.0
337.57357482830906
1611.3738975543495
3265.7126895055326
3262.211390649083
2459.982341231631
1788.3096335258358
2136.7574147396535
2317.8325383135743
408.86998611564593
331.1926933733416
