2382.1138011271546
3053.781096230954
250.96351697995843
3255.3283869494885
525.1463565288911
3256.4352144617933
1322.0088900081082
2124.773178892214
3259.1304944290696
1939.0079795130714
927.2355175150713
3260.5411547994045
3133.4664121317164
1030.3303836931748
0.0
3147.5794881609318
1619.5722622514959
1484.84914430531
3200.2198892499864
2043.1179861095352
2191.288826653106
2516.575401407993
1837.5628814822371
3254.4632712184048
515.9898829113694
190.7195947016369
3257.955668000393
3010.640707961565
677.9830239294473
2221.815058159108
0.0
3111.480870539637
2862.783432554716
2734.9579711345987
906.9289293214251
2590.979364847128
844.3745545565611
0.0
0.0
1401.0308277849608
