0.0
825.8795641353679
0.0
1581.2898982335869
2825.662044761577
3233.6443646323914
2426.7845231530137
3256.5773169088006
2677.2036642046437
2231.526378953373
2400.2389910084444
527.3054798826694
3264.6515429986925
2064.3020889623094
3224.405190349667
704.9925239142144
2946.311316540193
2716.548831711894
1129.8949400424694
2151.431421872671
470.4552507119712
289.5921146529221
1392.3173425926234
3182.8057510705203
894.7562677122701
3000.8072131170848
1043.8893966748906
251.2075586095986
0.0
1734.2384957343297
3148.0613085576906
694.8634164422474
3254.463271218404
1935.438908940686
411.1160187168457
3003.4997542384453
1440.5715945287411
0.0
3265.7126895055317
2775.809090231538
