2253.4574221691905
2024.2165440235792
2935.746183019519
2610.482705610197
3256.2736537862747
267.1043615081236
2921.150293604982
2850.7296394798705
3260.2870533446803
1873.7845390946163
3254.463271218404
472.5640405037499
1092.0630579174476
428.1049875911368
79.72396035968453
615.6935582153385
1607.0319130423873
934.8149974163147
2074.1042349463723
0.0
0.0
1118.7003371828816
1396.6689306329217
0.0
73.64740275950622
2908.640747746148
806.656959904766
3265.7126895055326
2448.7111917518027
3263.2451447493795
1850.004190748833
568.68142131571
2022.8446300139544
2325.0790961435305
3191.7568231774603
3258.417484353032
2555.0521916088637
0.0
1301.212655385207
2665.8881979642797
