3265.7126895055317
3257.150956305969
1842.9667295057266
841.048051662972
3264.7904988854607
0.0
1518.8733596997192
401.5201971346098
1111.6698295366257
1947.758812048629
3258.412369171769
2360.2883144750454
2053.836076986614
1740.4137857394649
3173.046330433249
2189.504037895236
3211.2140170538987
1329.4481279361469
2820.3132049855103
0.0
3254.463271218404
980.8795889985809
225.10049183533562
3261.780879946625
2454.675933938621
878.8594233643549
3255.930332254243
254.22697597676063
249.51381753198655
0.0
1593.9605040299523
0.0
2935.5095820394645
1225.7647286552744
2558.6631301164243
3031.5772141957264
3196.1632402529594
1642.9539108647214
553.3009852695516
2653.4877558384846
