3238.9011447037446
3254.463271218404
730.5521350519443
3003.3630704033467
701.7108767554832
397.3188429829677
1734.3332814532414
2124.2585738707485
0.0
249.54854867108682
1859.7458834171127
691.6604638326546
1887.4623174539067
3265.7126895055326
1636.0720005293183
202.7109972425615
2983.653742924814
540.3884535328548
287.1920810119768
1042.5523180013627
2249.481335637496
2853.334333304078
2078.4305265474113
27.24372173915445
1298.9496027864427
0.0
2539.6138373061995
2688.6375147846643
1308.8015586336385
3256.640186014214
862.8313712253572
1006.720139791089
2367.3590514937046
104.94456393193911
3263.5678316985177
1153.8120253809568
3261.211573979217
2682.650093783049
2003.5920578216235
1528.765848196124
