2685.0022699146384
247.41265159619877
615.0217846546852
3256.625189153481
2334.867786057625
1258.0902277464108
3188.21342673868
2875.8514495775894
541.6697131429651
3131.758291337306
0.0
1885.027899861577
937.5727205735705
2860.3349573506107
2936.7661895283372
0.0
1220.712685213443
2505.506950477192
1545.0239752243028
1385.1987752287637
744.0727370942509
643.0499756996437
332.2698992126539
3126.1427936203813
2728.5227401627953
81.37131969146714
3177.8413853069737
3232.6637000080646
3255.5402814988
3265.7126895055317
3254.463271218404
2728.0329130929745
1671.1691880637861
2664.1371304479126
2151.796123998542
1511.683325796553
3252.3398773393365
1956.4434803192503
1962.5694613631038
2297.4005466066055
