3257.6526467263457
3013.490377222907
98.61529841271044
2256.1121921489685
2137.6180404539873
3247.5139146803417
510.5316846421351
2393.65232011423
251.8350242092183
3250.531692259437
2157.368677830471
3255.6217917942126
1365.408939471592
1491.3000540120631
1710.8920296758631
1890.166412153571
1612.3237939161722
2642.1336812009604
2705.0440710581224
2593.5206767748964
0.0
0.0
828.291741003099
3170.4063063474086
554.4069843611398
1095.3588127349324
1500.4678572287296
0.0
264.1494285803624
1776.8634862022375
643.0124736867161
1562.164129012207
0.0
2811.3138667315975
2174.467601811512
955.9429520851263
3149.8546544296323
366.94102837386737
3254.4632712184048
577.1566257696493
