2892.8598501688393
3203.9724107651436
710.3224583106397
1957.8060116286729
2687.076702645031
497.7604218755326
2207.5026873421093
3264.4283000384307
1746.3891420576535
3180.257129176275
2715.337167223504
251.06972415655068
685.5003054180938
3239.708961450033
0.0
454.3985117619561
3206.042741905694
765.6604057140818
3255.525353614353
1323.770751611362
2465.882637461606
892.8512134959872
500.58634964951665
1094.4893166946692
3260.4403427365833
3254.4632712184048
1746.8011571177638
2531.0971879484323
1909.4125488566417
613.4560428432098
552.7635248908009
3265.7126895055317
0.0
0.0
3013.480335341321
201.2489315628636
1588.5124110050888
1574.8460725041064
59.26216805762132
163.56711312754354
