212.85339132637142
3254.4632712184048
3223.234533259004
3265.7126895055326
1093.3592089555666
485.7187588942555
2594.9065855334247
2969.1157687685463
2535.54756185137
2407.676009344099
3261.634483172981
2616.6969375430267
1859.833435213827
2334.9394680187193
2507.8442972182397
0.0
0.0
792.9309329382777
3179.1153710543404
0.0
1696.5301864251915
2567.1708612338016
0.0
989.4754367086409
370.538948217397
3256.0216432375614
1566.981113083771
2789.935584502872
0.0
874.9526497210636
595.6866544812831
2296.8159390717374
312.2550330429395
36.39233320132864
2513.8666190797117
3033.350984515273
3254.5888068894474
0.0
1192.3334212857108
3214.49702982683
