746.2598856526374
1438.005091648452
798.7149714249274
516.4090028634624
3259.393953996159
3256.4041559690554
121.62712581489336
2521.576256383907
0.0
1276.5092025561617
3237.0602809080383
1070.3750902152908
3258.0913746499477
3253.2457457265223
3260.6764086768594
2597.3730881557967
3254.603979670376
1573.0287457960978
335.2971294236906
3258.9143782173896
2289.586793333125
1745.26443258666
0.0
3257.317611983076
3256.116596800497
0.0
3254.4632712184048
3264.8868871323457
2259.005789201062
925.9442737897912
317.4682027793187
1936.649290182645
2441.9234739260883
2453.4111314728552
2709.1792306175216
1321.44707829598
0.0
2894.5742559972905
236.19541827115629
3258.2845206239967
