3214.854229420336
2983.7804106851418
799.005470032685
3265.7126895055317
0.0
973.2036394930471
3147.5644040112343
548.6342593728975
3136.913522790574
1051.285268357096
3264.729136194071
1431.427558645143
3151.4000018192837
3203.4711791667955
2541.7628972656844
61.44325249173144
389.9487528545407
3254.463271218404
174.83737293246975
1666.1789492432583
2239.734743147834
2791.431270844193
2243.22633273669
0.0
976.9684878695232
1918.5340805556375
698.3177462722283
2931.7573977934235
2626.9925430569137
2114.5573675526175
2659.8477549271233
1522.359787684578
1295.2581220246757
1116.6635889772017
2360.4827108105246
3173.5970024101084
0.0
3142.3218048824738
3242.0123088378805
275.91689870402655
