155.34566645343898
3244.625074831449
3080.9698417621353
3257.2802780159595
242.74173914811405
711.0806871413344
1324.3252120507373
1537.2835589935662
2316.0443800342055
2097.5379105965844
257.76810694030894
1972.3934960979473
1600.4731694410848
2816.9487253719644
3204.7747543134305
3255.871023114213
2091.9896229618503
267.1352549759789
2653.8175602514116
3259.050560309654
136.31858662509507
1659.6993877030714
2547.958948560201
1278.4352235727938
1833.5652556383138
0.0
300.7300301927208
503.36556748679476
0.0
1171.648505427612
730.2508831573663
980.7671242899428
3097.6667414606172
1436.8299276097946
0.0
2984.4736925625216
2155.370623524892
360.8017551702683
3254.4632712184048
848.7749230185699
