276.69900648636496
3174.7480202509514
3104.292981695742
0.0
562.9076141700933
1596.1965812027497
2912.0760531833043
0.0
1507.8673564796923
456.5077480510127
936.375489122794
1208.4047670081632
2531.748426029136
1142.324276675627
3255.4830759517495
3003.446685858808
763.7426854356592
2298.9669171846544
3232.1188391318196
15.292523732571603
2067.3654063872605
1291.0546142741473
3215.8494903897117
1720.2461007941474
3160.9009912682
3171.9093061042936
3254.4632712184048
870.4724724438084
0.0
492.6958359205016
22.007586398411625
2659.7120230460405
2157.199577603441
2018.363296309268
1888.9913394403752
1004.6488868536651
2739.2121672803105
3265.7126895055317
0.0
665.8758656599207
