2121.84120444342
2924.8004676816763
564.6480646568131
693.2805573594326
3013.7480398011767
2394.611504741855
3254.463271218404
3265.7126895055326
1626.0371741136726
2791.9713967180533
2621.4531986224556
2245.700356429369
3247.447458415559
2987.511690651814
1264.3434409157344
1068.6243830747903
1242.5738019035552
927.3974534938117
425.8799775711288
2538.8917441953645
808.9212812338881
24.24341418679343
3255.986367159697
1978.2367068299811
3201.604613433431
2331.938267453137
1754.7560057090982
819.9495962530905
1395.9345840003898
3256.917972517528
21.862890143214145
1479.5010817647471
0.0
102.74601263045506
0.0
0.0
0.0
1924.43633810324
2516.3489276666824
3238.490444512197
