1055.7730033242096
3172.5825146597886
1420.1958302298374
1492.216136793003
623.3747720570886
3254.0530588808515
2244.974081360346
3004.8231380467655
243.1701700662143
2789.937407300044
0.0
2392.32077890688
0.0
3255.556628547327
2692.8837033881664
3120.7838082367703
3260.356067602593
502.1916988031153
3254.463271218404
0.0
2367.3068944912898
1663.7462604478333
1806.1120609306274
2502.4660315926617
983.0510100077772
1741.2960074848431
3258.9374578029747
1884.5952848504587
2577.185621541017
843.6140550486682
427.6959814772747
2212.9675398645973
1329.3995140288425
3106.244481941931
2886.078161868868
1206.564304398866
2691.02041923099
2049.2746370920086
88.56162861261167
1077.696920906457
