2521.0536743583493
766.6930976241592
0.0
2375.720998295869
2405.7103312218956
2651.183610218259
3261.4056752790284
2371.745684589946
3259.619317568717
0.0
1630.2038986674586
3265.7126895055317
3254.463271218404
1784.8607954359297
9.44525773783004
3240.0662395121853
1108.804413695661
2874.9547772282035
87.008975015925
3256.7030824058265
3255.562251151643
249.846581945652
1054.3923363565518
554.0183670277445
1316.0412611435231
974.0819094976827
2044.9972524396344
3038.063035248597
0.0
2143.841584902653
1949.8971371784842
318.64366472246763
674.2466250786094
3250.067292917752
249.22564052096928
2251.6399561762682
872.1770160905019
1983.8413826377346
1638.152769652032
3231.479931359338
