3254.4632712184048
1692.2558786615139
3262.6541568246007
387.050084265961
3265.7126895055317
2110.037204966818
905.255224649012
11.356857954641967
1366.370109238784
1199.4469086158772
2687.146071159984
651.8576934258008
2504.511544912317
1511.0283654375685
1819.0995080414611
177.68355469083573
0.0
353.25718358332574
3237.108751697134
10.536556449910886
550.0441633929047
2306.0650055712695
53.21313055138614
1015.6289629571709
3211.501957478283
3251.525270962926
2963.60747317972
0.0
738.2263559773662
152.5382707904559
2846.1143922137762
1984.3949866950256
1877.0034483421505
0.0
2473.2749853846453
2789.361014571468
3189.5349498415594
2649.2818634141126
1086.2622673449205
3224.997809659965
