1326.679156997868
0.0
876.3778857714908
1318.0897339222304
3084.0401303206836
1100.1242215470004
3264.759991805622
2882.0513146375497
3130.0941779823866
982.2034508560022
1446.8796404492073
1535.5746483621622
1198.78187314735
0.0
1821.4320863740459
2737.112136558352
2431.0767668592916
3257.5114536147003
314.73444050007095
767.5136992603916
2676.7193027227154
1701.5198660110323
1170.0701927925702
317.76798109276774
1963.5299878813578
3256.1057211103885
2352.79786688165
0.0
0.0
3016.1042345407504
2082.6620025900575
2906.346477475081
0.0
3265.7126895055317
612.057202349028
3254.4632712184048
3170.490278400855
418.25424740592723
2239.373868633951
3230.734148815149
