0.0
3249.091007045081
2505.0050345530453
1273.8124945932427
3255.9309673210096
1584.7026840273388
3166.888508176642
3265.7126895055326
3254.463271218404
2131.5934738079936
732.5230324733682
837.749103363969
658.360251459775
0.0
1539.366346156942
1161.6937857843623
3146.450002118417
1350.9565190161172
851.1320968879925
2989.015960328712
419.74207821569786
2947.564085470756
2477.3014648762355
3233.543401555812
0.0
1887.5904788271969
1216.5816820898344
1968.433843417125
3258.901713281576
2407.762292081779
3264.6213530710593
2875.7139328777803
2716.97731686369
861.5082576799175
252.80919392861347
2546.821658688593
2281.1194802544396
0.0
1472.515063193101
2942.750693616497
