3009.0409512321994
2867.541928536571
1238.072980644251
1862.9782241639055
474.47691161098595
941.2952382262756
2027.833427557764
948.4629162614156
3254.4632712184048
1182.375973664538
2770.951056181204
2020.3961294333806
1833.6786055664559
2578.9861277094224
2373.857069296463
2186.7295985831556
3256.5551757770636
1449.4744357824081
860.9969039186853
2013.8580601790213
3260.666442394866
0.0
2768.0590585308073
346.48536501925776
710.8560083579999
2635.8178889981486
266.71165506692597
1038.1931047044914
1687.741739578707
2941.0469371728313
2989.710536496059
0.0
3265.635624786821
2303.4719832281717
0.0001579139391175824
2482.5815784285983
0.0
0.0
2543.7310782456157
1510.9232968979663
