1669.2273777598555
768.0427253535138
1801.7644905504837
2303.996667915592
1410.3221586788666
3260.2551541417274
374.66108123574804
1089.6050548017959
1218.0692455261214
0.0
0.0
3263.2374132676105
634.1723755381155
3255.74417976147
3254.4632712184048
477.1715317668627
1980.382320428121
1944.3676861275228
715.6816416031251
2796.314443228358
3255.0015879381403
260.8787284525807
3258.6331920812463
971.6453113766408
3265.7126895055317
1964.5950693477027
795.0406447000593
0.0
1959.4165101283463
2467.570887979815
3001.8347245594236
0.0
1836.9383490077223
3256.8876068635905
928.1260096112283
0.0
271.5624005653459
2639.541771531974
3264.3367638162663
2132.3980016054293
