783.6439230134998
2879.2438305275437
1418.5582378277472
3239.5366319212844
2289.4391227908345
3189.037913253813
73.46178280221716
3137.902830870744
2446.6902641729466
1666.2311982876417
3166.4196260755466
381.79194731329153
3135.1974500866672
1335.9293827412098
3265.7126895055326
2610.888285022136
272.8736334847789
831.904735711226
0.0
964.4066448888079
143.02251984766994
2371.5317803266416
2220.322073305474
301.40204573110884
1010.5803256450902
1846.3853886157847
0.0
1734.6735437745638
0.0
584.0992858935494
3254.4632712184048
3231.9652499155627
201.7122040522804
3153.6973176720803
763.8357649981843
2952.0707496259597
1628.8108986635687
1205.8857233786146
2030.9297655536825
3263.8515445258518
