0.0
2634.137820539162
2364.0391565453497
0.0
3242.8618859239714
802.2236207974998
3207.181374674397
949.4442666529435
2381.5131544739093
0.025346606195408627
2194.3378705233517
0.0
3254.4632712184048
2063.1529590938458
0.0
3261.8455606080834
559.9880162319379
583.8618671386678
1286.9621041536798
379.615061446808
1935.8286874530902
3265.7126895055326
2777.229255560551
1371.8560939213248
3262.125712442046
3264.707378977745
1663.7096447303613
0.0
0.0
291.7553765899624
1098.2068906147017
3254.801795899236
1641.9889916043398
699.6139955080743
834.5609262085825
2579.256289844131
175.41903626882538
2843.474099752376
3256.5179330791575
3198.6649399915077
