0.0
234.61538546569096
0.0
1705.303619809485
1432.16874869967
563.2898961037532
2343.4652033776415
2735.9382314492
3129.5266071602964
1442.8435039387928
3254.4632712184048
2908.067318813532
3019.08096734009
1088.6827123119558
2405.560111309888
2516.5845199873334
1757.8329176286356
1189.4296273767266
0.0
725.2941356020654
729.2600076965398
3255.4263615582795
1014.2026729930126
3256.921118961591
3237.230742628006
1339.6083778441973
2969.784564204801
1992.0664600819555
1831.8997381802867
2169.101183706217
3143.270201701913
0.0
2266.794340302212
3258.0632314613604
250.9635169799586
837.8194800240894
1915.7936259216112
2615.5670340281367
0.0
512.0109354638417
