300.75056237742257
2064.2504748843744
1734.5699965604306
3106.551787382017
1194.4538471225346
1590.9606937619023
1889.2196049644444
3254.463271218404
591.7065819266518
0.0
2853.1548582427567
629.4291760915353
2659.0665516706035
2594.0350576097426
0.0
2593.854030740177
3246.6891979542397
761.5209773327304
3215.6458568547596
3265.7126895055317
2317.9253111207054
0.0
3192.3134819566276
2728.5340353938645
925.0765640043396
3167.6741977212355
1402.187205255285
3253.21138998798
1080.4517559449096
0.0
3155.411707089701
3075.3238282218467
410.9616459646136
1817.0017336958538
2733.769155299242
2465.880550241711
1952.2775369592139
295.54844277973103
3131.579329374344
0.0
