189.8882590092697
2537.1410099190457
2303.0195635889886
0.0
3254.47923575751
3159.092259074448
1200.556098838974
3256.248144034289
1269.8417850906644
1477.2470530064209
2169.198854894998
190.02873759486812
3260.034996195423
3263.9285689254584
2047.0731424162632
2405.1087982921517
1979.1004743685446
0.0
0.0
3265.712688462027
1692.5861042194904
2985.130758509506
1101.8042497080964
3228.887061356252
3240.2227380661307
1789.8892680487402
661.9122978901282
476.4997392286181
1770.0738495362841
2620.993683274528
712.2890498845703
1639.9731853305666
525.7016073230311
2668.7089095584083
336.1597386129762
3253.350583794031
872.1351117927674
1917.1382959705743
2806.8172413032007
3053.180538103935
