3255.2923080548594
443.5252312619359
0.0
3263.6441448039604
2737.652988151853
0.0
3261.6399447943013
1370.2617582649987
2448.7664928890363
990.601506904695
597.7278936116472
3254.463271218404
2783.2904137688074
2341.8897003270913
3242.16041494402
3230.7852991584286
1012.1672179829677
746.634487398922
2041.2580667538728
1680.1003170957415
0.0
0.0
2268.376414482078
1339.856676431682
2853.9158326471907
1201.8671815120067
321.9256410231094
2500.7446145107124
1500.9340997678319
249.97568308918665
2213.354169026862
2669.4448887527237
0.0
3265.7126895055326
2993.373468903644
3256.4019388847382
1730.0900390727927
0.0
1884.964668744118
800.143251734688
