2434.463285458077
393.4048702631086
2028.3188952275623
0.0
2217.828426348555
3254.463271218404
856.2909045429737
1611.684273629207
3255.491372539528
94.39644057996809
249.93719923483889
0.0
498.94468718785595
3264.0548621359885
2971.515545828619
1316.9481580843799
264.36523190291746
0.0
3261.8086297808513
1039.8372477634769
3071.412378204002
2617.164366527497
2843.249670568088
1652.2338308528506
583.5684049340889
2881.16422127784
1459.0796656234468
3265.7126895055326
1133.3899311398816
3257.859939578316
1458.003010714196
3254.0649162018344
2023.8256838309487
2915.053846798466
0.0
0.0
1915.2127003250096
2532.038486845383
1867.7067125638378
1961.2380311313045
