1876.3404500944903
3255.771341692216
2000.8105582792641
2043.757271262486
2814.221015412074
2153.3011380673765
833.6216063709319
2679.309382983219
0.0
3257.8340147648387
637.6137925044559
768.2432719336917
0.0
251.06972525989403
3254.2600707068486
1362.7551267137014
268.71132553217
3258.861595080373
3254.4632712184048
2336.449110715471
919.8245917558957
3224.484340110873
2553.620132228705
451.25644407677413
1745.7096042920828
3265.6567035104017
1234.1761972628954
0.0
3003.4984222313815
977.7307102816054
989.7559086336402
250.56523128425295
1611.6630811780255
1502.5258912009178
0.15388379546156852
0.0
0.0
2803.3601487486317
3252.12787274646
501.90992655644015
