2194.856078832015
1176.8843202745497
2786.4305907347834
604.7351263132796
1781.9971493762785
3264.2453518778884
1899.5056467755703
2382.8595207785556
1064.1677412879621
2667.358710739776
3232.3504606237498
2713.582607554054
3255.572298094812
74.48106117009753
3254.4632712184048
461.38806607640754
242.62316122147303
2061.5144397817335
3024.817540267232
0.0
3238.855929531788
709.2934643860668
3008.7770371077977
36.491617854439404
2864.272172249961
2267.4677909472534
3248.9909498818065
1580.1849350309253
3245.320524539181
102.9516526836933
2532.194087068598
2934.306749758825
837.6533706274148
3242.01849659295
3259.681624742293
0.0
1591.6458797949028
0.0
576.5680133980542
1380.787819335994
