3120.872196426799
28.47364869640476
2462.1192485142237
3256.5922518948037
0.0
2.583992454460965
2731.8875548753163
3258.3299005048357
1734.2503079193962
3196.1537285836694
1036.4466752142916
3255.3175836211485
1306.1949050406074
1127.7194205127862
2564.915856538195
3265.7126895055317
0.0
0.0
2778.1148092198264
2669.1837990182034
1534.9762413588305
1736.7488451024706
1432.461060812465
0.0
3168.0419408850585
3083.8017123223767
2103.108369944992
2317.5810492779774
300.52721463598635
0.0
917.353885189939
770.8475208173152
2942.362238703171
476.55027351326385
2214.6973742332552
622.0504283759972
330.9679339717951
630.2625589695147
3254.463271218404
1852.738917251888
