2959.5278454603604
3244.78566405028
3252.9974704106044
1088.3063392714519
253.11573787157363
1344.853034757747
205.5975799203698
374.80440518823883
1200.6782468356387
717.0381616466711
3263.181065155285
0.0
2781.3998027250145
2229.9541012682284
1475.4130098242833
3155.600094810211
3249.5416204403955
2054.4180496492654
3254.463271218404
1323.327787428674
2622.6505309156305
0.0
2034.25182355351
3265.7126895055317
1792.5467494677273
2190.4855534049093
93.67874881725567
1929.4352167675756
3193.406837643127
2161.4121794835187
3264.797002709974
572.3444138583515
61.218845898910544
137.9409788296399
2408.7090395620025
3218.489544517519
1619.8524407311402
2512.17006001155
2514.2721231520986
0.0
