0.0
3265.7126895055317
2153.5082386744607
1806.7388492731875
249.0841352277402
2741.4465663520778
2879.1204366824722
1147.8536807771561
1614.0983405197012
1048.232095883325
2387.3226880275315
3254.463271218404
3257.8218125569697
3222.064840475473
2705.4911640874643
762.9429706346345
2876.315065082009
3238.141745964606
1750.972125931423
539.0946325414491
514.1732167970047
0.0
0.0
3122.0775020428755
2044.3848571709962
608.3898141272065
1641.0826105913898
1455.001010207222
393.53035630865907
2269.14875724786
2602.279941077928
674.8679963810241
955.8782381886733
2430.106373577051
3170.8653538480394
3025.105880256231
0.0
243.94738892356526
2487.291573941965
0.0
