3023.264556106033
0.0
934.4647665795806
3263.639366220047
2757.52263540395
1616.2656240701701
1823.5569552831867
327.0602502157026
0.0
850.592101958834
2845.56863439178
2061.5852544730506
2351.3441125495006
3257.1052725960794
2683.819122388088
1751.1003546420184
510.0804002402825
1445.6014900193582
2238.8483186263356
0.0
5.7072216043311955e-11
252.68113291832933
3261.107062431449
1162.8659558342613
1414.308321706462
1906.9594559509756
0.0
3265.7126895055326
2480.9829404482066
2613.227928350995
1744.06600685383
3255.777704380089
1304.3309102510325
959.4650371315834
526.2878958030062
1203.991787556222
2934.4257608795506
3254.463271218404
3152.383623219462
2362.2644113710357
