2005.0578427997593
2608.745264182693
1031.0061553955861
1244.1660133126695
0.29078706990548175
300.3935982242068
3260.394393578208
3254.463271218404
2157.845985641713
1056.690156589599
3255.545954837455
1832.5124359691754
3257.273857227763
2797.428396080029
2395.7605616070687
290.2695713317279
15.982257132312146
0.0
1906.5582706308728
153.40460812643397
2252.0827305685375
2846.7234313543804
0.0
1302.265275593055
3234.5503044648576
2362.320136904601
3258.705542567193
3265.1615714320533
1276.3920715983127
549.4589189749886
843.8384552498854
1442.7899439532164
399.8731994654968
1739.8363600801863
2877.3215739773354
2079.2628958122627
3036.619474995624
0.0
664.8405639455134
648.6200270255167
