2296.3756252005596
916.4037279362459
1414.7059802469425
2901.6387182238714
0.0
3261.6002444366654
1731.4206672307428
1585.5687785928308
3257.2145087520967
2156.8707426457904
588.9587444124738
2810.7969664770117
923.7676283764484
1247.0741887072832
3216.0132566837947
3264.437960438209
0.0
2169.556600032144
3261.9675485276384
1982.0001158400778
849.8835630127383
897.8105200141293
3255.4199348439447
452.6722587180805
820.4648087907482
3265.7126895055326
0.0
2476.177930220444
2645.3873564215246
642.4110642358123
3032.585812622711
804.8303446564983
1070.4772408158165
884.2648896884974
3254.4632712184048
1577.0198079720205
1877.8842087550588
1878.9301428290103
104.15943376722937
0.0
