500.4864540459487
524.781654903545
549.4110091130211
3259.8874704052087
240.50946284501794
2388.023993359462
917.8199780984512
1794.7494810622563
363.07712041592487
849.3013360852572
2508.776403977404
2085.4690769011954
1256.5841009965875
3256.5599693495888
0.0
2683.5377477300785
740.795905329903
755.593323263171
3263.75338205251
1126.611489994934
0.0
702.8433806650564
344.5014388644795
3256.7103150570656
415.09931248115333
3265.7126895055326
1666.044937839767
0.4965649607893331
0.0
1694.4992159795777
0.0
1011.6660293798866
3254.463271218404
2968.3737454047487
1449.526359097651
3255.420746040645
1995.3760178705174
2317.74785786145
92.36512101712242
2814.8576741162856
