2525.678862002033
2112.1210058192214
3223.501473667191
279.83814385895806
1829.694924002188
1120.0231368059058
805.928451581462
3264.512669772744
3265.7126895055326
1904.3743435945307
2614.947520146672
1485.5349752316931
1847.815692707517
3203.194894564491
2438.029722821091
2236.737382024012
437.88975488558197
990.074686288947
1134.2707777635387
2727.2514546196453
602.6095625426926
1806.6996221030865
742.3441805933012
0.005037797507548316
1979.4872895792587
0.0
3254.463271218404
3255.8077145511656
1449.958089256985
533.5339549838593
3220.5392654604357
55.95610963591834
0.0
0.0
2850.9112740685828
3231.6746004593924
469.3726824021721
0.007348440305632716
3256.8957619536177
2988.3994118417104
