1016.6087712971954
856.1567559036497
3256.120079106661
1823.385698417245
1159.5526398207112
2709.0735761076794
1315.2932257838083
2068.8233361348116
141.42192747536654
2896.8331030112895
1699.6961721786465
523.0721416308489
1576.210924200176
2237.794467997623
946.7664327738366
3213.4335893993193
2899.6737033228355
0.0
1961.0279652456766
294.4233097022518
2272.110792996562
3089.51392371441
67.56528434765775
1596.009633137386
0.0
3107.4404833645276
3234.4880720425454
700.0774823324746
0.0
334.19330591827304
2126.478538101564
1148.4175337349689
2468.300690133032
3254.4632712184048
1465.1441986567534
245.96268932746366
3260.0220090036305
2587.1366400826196
1434.5547193136304
3257.4724827230016
