2581.0930606205807
1513.8809430197584
1776.1052572853896
1036.5397219947495
1256.4151743338286
2395.8452901677156
688.5475176687205
3255.8909101779054
2955.457528454832
0.0
676.4450693518553
2316.4665243833306
3166.4605419378513
250.53770273406872
3199.698983121555
3116.246588173344
1971.2215243621315
3107.6291907815657
1558.3405770348309
2802.81135103236
2184.9603767645194
1914.3601671021747
1409.1147753909122
0.0
41.52983430479729
1044.215122636628
224.75228897250008
3128.464913813323
1283.4462227798829
889.3299431613025
3265.7126895055326
0.0
402.9143624266754
589.3531318619016
2694.344924854284
3255.2535829207472
136.1321646902345
3237.438763142085
3254.4632712184048
3162.3550813698716
