2699.9892223547927
1937.7593225015764
1597.488605976816
3255.4109492305
3225.0557539936763
3251.283031595134
2444.102550856478
703.4224783283787
1407.9402551803169
2771.3894328553392
2106.4380209137844
3183.2613681504163
707.099725408556
858.5415573458365
2722.5610540848857
2300.2324503468526
3153.096314750555
1706.97766647511
0.0
282.4539448370336
1212.5878808288169
0.0
367.0091236467273
2971.4762037337605
638.4515310369471
2633.938939235757
3254.463271218404
3257.233062576098
2227.307929787355
0.0
1478.6734961549673
2940.746950880409
0.0
3239.461557967911
1109.9648524182055
0.0
1798.1624818873056
1031.6998963779529
3265.7126895055317
3230.5029788855204
