2706.337984037396
2197.328041582062
238.87622486583672
1644.68205599764
2843.392542082399
2552.8558031837083
314.87989902997515
1312.9743184111692
0.0
1314.6976570854945
2286.236630951222
2988.542159531753
1747.7021800465056
3248.4953577590495
0.0
1988.6436337697662
2492.80650820835
0.0
1367.922509114785
2772.902536569943
1188.0731631112324
3264.129945613974
1257.5876739105227
1441.6132805283573
2571.2628247248945
2377.1945011613325
3260.8687412165245
346.988932815117
1340.984665520417
3211.5038430908207
2801.0910534884606
814.7566158039881
618.6193590872083
3254.4632712184048
947.8673129186138
2412.862973035
2008.6532153333778
3256.293659238561
3255.292308053159
1423.0261560009037
