1782.5452060000578
2102.9759789077293
2983.533472750484
1196.2497342912773
1383.2872889561122
388.12056026524743
3227.4434832460197
2272.9724239760344
0.0
856.7894299865338
3254.4632712184048
3253.1450020479333
1498.373091169532
305.47480260935043
3256.5473703680154
2587.483645913295
2139.288965827891
2741.825685513973
3250.9743519949125
1719.0732186328082
115.9269213165708
671.084664324577
2835.171848946688
1094.9014870325946
3123.6265829806457
1925.6037151016853
2385.801822305826
1617.9596161198338
1303.0511881158216
2459.312361041433
2.8123388001545484
3186.369494580049
0.0
3265.7126895055317
3255.287438174223
989.5102422965872
2594.7532618013697
3173.5821122331317
0.0
1599.0448243891992
