2920.9128734504634
0.0
1899.5315871169325
3138.931937865273
2993.026924062423
3264.7532347046717
2520.5176757172485
77.61546494133987
1142.7494606581122
1247.8836592781154
652.2766724916976
501.15988093629625
2687.252698678367
0.0
2385.161264634661
944.9014062703167
0.0
2207.789861414543
3265.7126895055317
2769.4855488585176
293.9359894340642
1758.1022186618766
1326.0724060202829
633.8989545168627
1018.3769255749287
3206.060330714047
1769.8145310047041
649.9890246044168
3230.403536243129
996.3591993764051
2088.789204526481
823.0202651674861
291.85861385323966
84.16031765106132
0.0
3246.6757014999876
3254.4632712184048
2829.976131395992
3255.3848903982125
3227.083250184657
