0.0
0.0
1324.460307128966
1762.2597210014044
552.7965915219265
252.6445940756108
2593.3095607361697
2671.185713159075
737.4592600020173
1218.5827850961234
3259.420891207919
3254.463271218404
3265.7126895055326
1939.6630673557283
3255.8512429731036
440.1789654564287
1529.904268600976
1024.2252622710928
601.3126555154286
31.88410444235899
2136.0045843029584
3263.392871718118
3257.16880743598
0.0
1390.6873830368934
881.8688390999469
1849.9100539795586
2011.2522875516065
526.844363365846
2304.470548642648
3223.9167251241597
1152.8293421657472
272.6929278684774
2832.225043068647
0.0
2992.2063935777232
2970.444720721667
24.887233998306357
3261.252902460599
1504.4197386564842
