2244.6880600823765
874.3064762835122
1522.4914896681335
3254.463271218404
1325.352883093291
3255.5478108209445
2877.019322160215
1185.8522441621492
1361.5818021559435
0.0
2601.7235300240286
1647.914209744466
2747.4588893344953
3265.7126895055326
2142.0072462690987
3133.4576598610847
2672.8112357843042
1902.1966595989002
2998.5913681991274
306.0922998000349
0.0
1790.1377960227992
1041.91228453228
249.55851163957357
3263.6154352159074
0.0
628.5954692818044
3193.9829151895624
7.646160686960167
3223.4385987988867
0.0
3166.730238619723
0.0
1634.279073934069
0.0
3254.7119726304795
1658.0341061221418
983.752762854303
0.6003657530542569
2016.8620623133202
