3202.023462555777
2489.1044517980536
3263.1498466537923
1341.4558512590213
1038.3454286777453
1880.5538632480477
1310.8975238253506
250.96351697995843
3256.3648701877028
656.2163776442077
1641.0929824687191
1755.424389918528
760.8324930086495
1489.3581312698166
0.0
3254.4632712184048
2475.005982448441
2632.838408867179
10.181804519675888
0.0
1032.8682342589161
881.7560736535676
3221.6233845641154
0.0
2369.000317577707
547.9131984170263
2027.9812944895832
1003.8540679198337
2186.712135197852
0.0
501.9270339599169
3036.4205147823877
2809.8967106177956
1253.7489528058566
752.8905509398753
1587.9880811178157
3232.2326842365637
3241.23580570003
3253.9448091065815
3257.6827919220887
