2940.4263952979973
0.0
2597.783082113725
0.0
1401.552351467102
2347.2937271266114
3257.1324958618598
0.0
3263.706677762461
2192.1405123995737
3261.929458154575
2523.6889225157233
2572.9335942405673
1742.120627521479
461.65625246097585
1300.9525904100099
1649.2537999123651
27.59276229307526
657.4534167089903
1287.1092862853275
3254.4632712184048
5.931722911330181
559.0154007749866
376.4917060820755
0.0
190.9108042453267
1876.9599122081258
887.2353753723775
1909.856366124815
14.492590434440482
2143.099474541176
2029.7880420139072
584.3009917688928
3080.1905100561908
3219.26563609253
2774.6200980214576
1102.8665148753712
0.0
3265.7126895055317
0.0
