976.3111603710197
2592.648139915477
1928.1186758736317
2458.008460094908
3264.391764174857
3254.3096243278983
111.32756629379105
2207.4117390950964
2854.63338232069
1263.914739086354
1609.8171504529512
345.03261592820036
25.06450004651473
1896.3009304904303
1123.48866054775
1816.8427836185754
0.0
1473.356082276273
3265.7126895055317
58.926834779207546
3223.0933849855733
2953.0180605806277
0.0
570.304288184084
2321.515233179153
821.9191161042097
1791.6783599057721
2053.850832513702
18.6817203949541
3078.5759185979623
0.0
1603.518676563435
1923.915990719042
1735.8959996749604
0.0
3256.9790015796507
354.70474186754336
2843.109407035408
681.7733925447503
3153.739419516658
