3259.651663792222
1563.4068373410382
848.3967128190309
7.192376269747386
1924.7524219297939
3253.5390369379325
325.6125460161244
2536.43743848027
3254.4632712184048
0.0
2164.1287917032264
412.59601923651996
2461.0560979876227
399.04107221204066
548.1675443719193
2937.7687363115747
26.644679502481033
3225.9482216760225
3256.52774056905
6.590126972440745
1902.5081712447804
2731.501713691078
2082.369768039708
845.7174556437112
0.0
1385.667298516488
3265.7126895055326
8.578128163829023
0.0
3173.75678734999
1508.7525624639807
3255.4227757875874
2456.096202795249
3188.3000108614056
3170.210390177786
674.300980470123
42.30121322891962
2311.211480007319
0.0
1261.4464675318159
