3254.4632712184048
2241.7038057276986
3256.4140678943563
2184.5003520035852
3235.356296773255
3033.4839223555728
80.76783380208413
1385.8537054641922
1794.6948016092538
1121.3689733644728
1211.339214554594
585.3808619433947
963.6667006966379
3256.199264854672
287.25090446597693
2724.262215844779
3265.7126895055326
1259.4094210917156
2028.1293840409826
2895.2864554657476
752.9462918014481
2348.696217954012
2640.275136652754
4.391632853608275
3248.9875374136614
0.0
485.1081541155276
2431.443049056735
2801.6756094139305
2425.7833225453
1733.0317370196435
2033.2241005909596
770.3959458777897
3170.99569790963
3125.23780676718
1558.2400386964873
1838.8577157674445
3023.2810814192367
3216.9632282973307
0.0
