1797.6752219324944
2927.4883763538833
2125.690128630232
3210.6637846945396
1262.3630614604483
672.1154742117915
1985.590089115494
873.50767996437
1258.9201908245232
0.0
0.0
3252.4455182987635
3123.8636193195125
289.0558863073158
1088.622478012823
393.56506209572984
2464.613661188805
290.643340550051
2349.9580037982078
3121.6670736177994
824.3271028173288
0.0
541.192386511341
1223.4103094622146
3196.734070985465
1465.9943933970885
299.7470212204414
3265.7126895055317
1338.5053227053947
3148.449829232505
3156.6141575804368
2873.682442884641
0.0
3255.774012871171
3254.4632712184048
1006.2620467389363
0.0
1245.3735442917507
2575.496555418793
2557.055252556227
