2695.1394027083484
2946.1904267001587
0.0
3264.489541495477
738.2645230086597
329.79818273604747
3202.0643132109626
1077.0600905260242
1995.398166894014
2076.2505786106626
1393.900768916386
2565.368216334926
1616.7569142159227
3162.4365199879257
2275.1855107989886
0.0
3254.463271218404
746.4968319238379
3236.6472377269674
2900.384965897017
2467.387443509006
1805.19797385346
1311.42179926588
0.0
1607.8690966343484
909.6755923502785
431.78908594614757
0.0
2831.824554829618
3251.2028848081636
1202.5978379248127
1298.1202373303643
1976.7283057953669
810.9907645248182
3255.9194988423224
2523.6147035094627
783.2770134312436
2904.9033402528516
692.7319312328084
3265.7126895055317
