1953.6161994204658
3255.501859953507
1264.1134509884987
1764.3870377034718
1316.3770699241522
2463.1493926251824
0.0
2723.66020453394
961.5995234393528
3254.463271218404
0.0
447.1655373347976
383.617699059726
2322.757614654877
48.41779147857477
2782.6976781997014
1857.2856535673895
0.0
558.1162652876958
895.6374388342591
303.14783985028697
2228.6270264200202
3264.6706687561955
1549.3715063909428
3244.7492056289693
1342.3295465259143
689.1007907726337
3260.974678344815
3257.227236405363
2988.7240842340198
2111.673957555116
3248.3671497403393
1117.667128662234
3265.7126895055326
2503.8197670166596
2153.6136046453025
1661.9840551566951
275.09414957951896
2587.2665856264566
0.0
