2465.8376805049247
772.508230044889
3256.9051875236296
34.592435760276906
3254.4632712184048
3252.5523557324022
611.7985713123021
1059.7004591752902
2215.4088455787946
711.2565635060262
1547.2969137924758
0.0
3014.642964245638
3155.9852575317345
0.0
3168.0843135060927
3198.1977841063417
1317.388707563839
0.0
3265.7126895055317
500.2283683684059
0.0
2681.9574537500393
1149.3281604845517
3196.3032205305058
2763.1044511734012
3207.9174169515563
98.56532083095081
0.0
1891.1523867967137
2122.8274288377957
6.567149922159073
2935.919630939525
1260.3253037720085
292.61825824603034
0.21668101893512134
938.6427565712893
648.4442050631958
2938.6719252332678
1862.567779708936
