3161.0403337414205
0.0
1225.0752289883733
0.0
3258.0256716010667
2802.78660972805
1644.212467121637
3255.505297113655
3254.4632712184048
1508.7269848066987
2680.687823929
1775.8480650532076
1424.4103595885163
523.8561588975233
3265.7126895055317
2165.4810501513157
2064.9094667612835
3161.640162032135
764.7959485266416
3256.782204981868
2530.6475904853046
0.0
3250.101306536703
2284.815779443165
873.2614896883647
73.3291580645635
1059.3588416440923
1505.1971563431414
3207.5179970232057
1339.4899946067778
2398.328310742775
0.0
157.4945911885695
400.9734064468099
3000.576816050532
898.8385150970602
0.0
1094.374800137685
2900.5065806913967
291.55241819592186
