0.0
2991.143677015446
0.0
393.9527825167618
2529.868263867064
1298.5464692656763
3254.463271218404
1074.9806335188416
1091.8710507377202
925.4866087627552
3259.908204707601
1872.6084455978516
1941.5514891462954
251.0697252598938
968.2954770798488
1300.496804667762
1795.2655486536178
0.0
1490.7088757257725
3257.699593546041
2070.4580616383564
140.43487447365743
2245.513362403407
716.4788573909124
1157.7134454467578
2869.9402690060083
2580.8901950663944
40.85228267060419
0.0
808.3391692453333
7.847844921324048
2719.317762718129
3246.6623836120525
2402.389490862816
603.4623981609748
3251.741017920306
177.71804210945814
3254.4643846181416
3263.6441639760105
3255.840957863818
