1963.1926576171545
2604.4525865209207
2417.539140852678
1270.2259947657108
2730.1251287502046
0.0
0.0
584.8156644048905
2178.2872083645625
2543.332621265091
1322.6184879044492
3003.499754238446
1702.3965787135887
2995.3394681706277
348.0377811161925
3254.463271218404
308.1798318700554
578.1999362452777
2889.2476117077626
2119.6974757310236
1069.8578089238642
1513.603148741884
324.7160334403302
2561.02388720645
1715.1398191347923
3078.5636239235914
3258.764274492909
1377.0119124476948
1658.0584805970989
3256.6508564140026
0.0
2133.790757142952
6.935128663000193
2857.0746933367077
728.8436807290641
2293.465349804351
1126.0246295163156
254.76690101617893
3127.6703358793607
914.685986654303
