712.7517403789177
3171.593106263272
2100.3600793198875
2834.589581760406
3139.1192190951556
539.7647740440219
814.7056992487728
2980.097172745281
0.0
1944.8938650660943
269.9653281002915
1942.1480122619641
2516.2393725261345
3265.7126895055326
3260.9602310810083
3254.4632712184048
103.1982671813638
2514.832605697111
2035.2856578558228
0.0
1397.3352454044534
1220.0052773984587
470.9377618969873
3231.501693767317
155.37638820914242
296.44456300498507
1121.114448466318
3263.5403951052176
0.0
628.8773847525712
2987.1418392641244
3213.6956975221656
713.211427711322
2682.1188811042
0.0
3264.714690451606
1523.0982136881582
2709.23973509304
3255.9773537445335
1646.5581206446182
