1203.191102842593
108.16315738810064
358.21470326742826
1350.447791092382
676.2248294240633
1276.7086249256934
2444.173259510875
0.0
3003.4997542384453
0.0
244.80269102801006
3238.0988679168813
3236.2607208777586
2605.454244082884
1191.287528043463
3265.7126895055317
0.0
3258.1123894280663
1968.8241978886708
2555.774923277038
3182.552058404774
1702.5685560258946
1106.4229548219364
2207.836377015194
2092.404527553081
2308.8353783027214
0.0
1717.0897414170531
3226.1095740600153
12.886772912524698
119.14360783025133
3254.463271218404
802.3809235411177
2819.499206126124
1845.3513630646294
541.4387873422862
1582.7388128344749
2317.550001250772
3256.570877438821
2727.9940346336884
