1205.902188657674
3202.191395375071
1727.2348752672838
566.1089813264219
1031.761209840965
1324.666072128159
701.4812132767328
0.0
3255.8184752062975
3254.463271218404
553.0965848089478
3247.5225622837715
1010.5778909516459
1615.2549195115485
1107.6602019185907
2069.060186205151
2611.220200503506
2075.3781511952234
413.2858550446575
322.81964150033116
1921.7078933977089
3257.9225417979865
2591.8936361202004
2869.6628755660277
3011.599881327674
0.0
2907.315864129327
0.0
3209.5466778691975
3265.7126895055317
2430.3434145186275
1692.4501409660793
1230.5240140518183
1364.1851942516546
2739.6663205086356
816.5809445431589
2265.1691566356194
3204.7730639512697
908.1498222167208
0.0
