2286.739929711645
2165.0631079720833
3254.4632712184048
1684.1952415870405
1657.980020538299
3183.6126350976947
3255.569993585584
0.0
605.9745981494427
2751.352586871599
64.56651381411551
2584.2803700489376
2015.7667620537186
2216.886394027993
2291.0329843332606
262.2359884657375
0.0
0.0
1839.2779714427854
1485.7087240560954
3260.9327596958774
3257.2216638408986
1235.814123230584
533.0434802208298
437.21622398994833
251.06972525989377
460.44205123409796
1042.5809468042903
2128.651867486178
0.0
3264.7296864312457
3265.7126895055317
3157.4373064543965
647.4156710100215
2710.8792540074087
894.5490807886
3263.635842489436
2913.249026269154
1521.9047422296667
0.04645498980830566
