672.6997622325596
2215.002513621381
1036.9108117210342
3209.7939694354454
3219.826753403383
1898.4540508444707
1609.7089355448538
3250.2997281806843
1150.3177324209653
1211.5995524945533
1710.40544457558
2230.6252145822596
0.0
1394.086767700272
889.6078621496723
0.0
3265.7126895055317
2974.6895719716013
485.02263143869175
2660.927633936546
0.0
2637.653041853105
3165.19207109161
0.0
1502.3826566108005
2392.275962604772
2119.3965853146883
3254.463271218404
3263.168523072249
0.0
1490.702185809179
1963.422281532191
2911.4312025765657
836.9114299339942
3163.7459385625507
1041.1062244389493
540.8068399645163
754.2623549850663
299.66236588609536
248.74159298707707
