1689.3612252807316
988.2223247805917
3254.4632712184048
1681.869444463788
1870.6726634390784
2572.5045242175374
3198.471922842603
3137.4616155435024
0.0
3112.089394063748
2242.491015137784
0.0
273.01041207797056
386.8886454648508
3130.705984402917
1477.6906812701623
592.083570356717
2952.742592146933
1076.6760286314743
876.7432581182226
515.0996629626801
1956.6458115111095
2904.68922260902
2072.8638565169963
1323.283326565953
0.0
2802.078726699224
3226.1752077508254
2408.6948999349097
492.97476899691424
1194.706062494366
3246.236412305302
3260.707452784581
2688.9680796082803
3265.7126892286074
2486.4582254318207
2001.051265288809
3180.0812125746643
800.2474281138727
962.7013066395181
