2377.681064143518
0.0
2715.6278681409995
2426.81906945986
3264.4833153282016
1677.9158679604698
171.0559383869203
1329.9633435368237
1942.8071821654644
1951.0535093486135
1203.6934194683129
2256.9733982852676
643.5603844522539
3164.8662105837984
0.0
3183.9779240836947
1036.8969653823203
305.042382349349
2751.992087666529
875.2711203881496
3003.3964382702807
547.7959737481618
3254.463271218404
738.7510873919769
441.625166526409
1706.209794400861
0.0
3265.7126895055326
3226.729123006775
2274.4168560999597
1544.1799603819857
0.0
1367.2479137116434
2983.2462709336664
815.0718188163553
2850.8747462828487
2388.392797986984
2135.39112483975
362.6553650340815
1218.104487112094
