3252.6113927794836
1393.3909425552858
3265.7126895055317
610.2196911973057
971.0556741569984
2548.9093908103946
0.0
1253.7818361794505
2649.1450248389106
2738.7505646347886
725.2271174129069
3.7548132219154278
1524.7405709042825
1538.683097907604
2491.50341722558
3232.702701240799
3220.27650307536
726.0688341322432
0.0
0.0
315.1790985636381
1591.742588452651
2419.0849759822954
1895.5718875273883
2108.9404383290494
2830.477855455307
5.968668492600088
2288.9506408985258
3253.5035862330806
884.0832760038277
1820.8763175350691
1128.5039601991014
982.5349147314678
3264.8836526707773
3160.4944541602217
3220.05200365173
3254.4632712184048
2118.413954096085
3255.4463598966827
493.5035429785398
