1078.8750567772174
1079.7804487630674
3154.470151744933
708.2097714909439
0.0
250.96351697995834
688.4816465805068
392.2014870795181
1647.8644857231063
3254.4632712184048
16.23267735400418
838.3291124577062
3237.367076374078
164.1346024848262
3196.8387106643427
77.76918091030429
1970.2218121577755
2684.465512597213
501.9270339599167
1376.325972850201
3256.8569325152316
2975.0955147306304
0.0
2926.0076724223723
3118.6119350694307
588.362666214887
2628.595183670227
1506.6294568722178
2208.202676317294
2489.173361374207
2096.961011514216
261.6510899819515
853.407116141113
2356.879583385051
3164.2029314710794
3194.6972729461404
0.0
1327.206937542687
3265.7126895055326
1223.4974702757431
