706.2991568920086
153.82012733797737
2809.62164914771
3253.2206976460966
3003.499754238446
3257.155900066889
3214.8993139969907
3210.3072224169873
1302.607484044749
1992.4141884866062
3240.732144260194
50.64047022319816
964.6465213336414
1158.543246986782
579.5299839757624
1141.8589538074716
0.0
2326.2000424140165
421.8699159019814
1462.2729050086018
3211.2582685430834
2599.387554884287
2045.4435301213073
3251.1814682623335
1652.2903522229492
1902.5840703523018
0.0
1613.6288066983798
3265.7126895055326
2295.859193026216
0.0
2537.6707764946095
2684.967677317106
3197.114040343386
2631.3480867697535
830.7329295287685
221.21751956460224
1767.881593895945
0.0
3254.4632712184048
