1002.2336161098309
524.8529352938405
0.0
2335.4035297592814
3172.733684334339
288.5674970909923
2763.5732389638024
1915.7056057850073
2511.8859655094884
410.8136156684819
58.660970163505056
375.5618131092931
3014.6429642236967
1365.1362172263698
643.3001083635321
680.2197456578929
2670.629032191735
1272.175849912458
2027.4348475694649
0.0
1916.4175888774898
0.04357987584137698
3255.4203635128447
1779.3898716967212
3238.5745900770376
1494.804288163641
3218.761948968608
3137.5816511529274
1617.6633445879181
0.0
3107.3903363196396
0.0
3060.0757260972905
2168.928344737802
1091.9431689645508
242.86053228958428
3265.7126895055317
60.426315564079815
1140.212325119904
3254.4632712184048
