2857.2740459269285
937.675330792233
2316.1917951842615
0.0
359.5158053777695
0.0
1589.1584809326127
3257.9778737635484
1930.920247506765
250.96351697995843
2925.235445731051
3250.6147621747205
1474.8231503264797
2165.0640682704634
180.89084480971948
452.3559962330498
1902.409527803351
2106.329411361304
843.0590603152808
3265.708171204747
3254.4632712184048
2313.6574090704325
1766.7048653826612
812.5781953138014
1337.317349446372
1261.8957603075767
2600.0068740599627
2421.8103499971216
0.0006069135034518212
238.431342782923
3022.143348620157
2868.5661953436856
1785.7123682939923
3261.6715653314022
3249.6896217361555
2916.0996697784376
2221.3540460926474
2775.664491074572
1018.6727710797365
559.0837694381597
