3254.6097324214356
420.3486770231234
2890.404437031062
1345.5958040670848
0.0
3254.4632712184048
642.9955767851659
1023.8586239770349
1828.3633528970504
1479.6977596528804
399.62724927626414
790.2546840092064
3265.7126895055317
3264.0374356815205
1536.0572554850996
0.0
3025.105055553609
1152.9661792868965
907.8938744489334
2163.9749215163324
2539.5950673920233
2397.5004555783476
0.0
3241.777759972449
1994.140848401037
934.3670695007268
1674.566112960723
1226.0699175028024
544.4045156905306
2758.177803706031
3254.1780092902923
2360.491542497841
1808.5052266128534
3258.161145593456
0.0
300.62570213527164
0.0
2259.5989740929094
0.0
3262.2429834367076
