2129.9925819075775
1258.099664826225
769.3731857717574
250.96351697995834
1030.1818857281112
2707.35775748337
0.0
2547.0124167168037
924.6621786827197
3255.6196258842897
3252.7176114728377
3210.87640371308
2781.0495174204707
1977.4150832531122
2265.7052841782706
914.0609977895236
332.63521091311657
1045.6353838881173
2176.1336750191304
1123.1590865848907
0.0
2383.2697371235536
3136.856546732331
2571.234176726343
1144.263183113758
3086.9326148074474
729.4060016398663
1601.0281247362352
3265.7126895055317
2214.8416004995306
3249.750634783013
3255.4158953579213
2687.218005125863
1807.3090843850568
501.9270339599168
3254.463271218404
2945.108679531802
113.74658362015084
0.0
1437.0608569850722
