28.608212833930825
251.0697252598938
0.0
0.0
1096.0359989184772
3255.431148914571
2156.6509258443903
3262.1370118735013
2702.5574290532877
3246.358543984953
3254.4632712184048
915.4643253530429
58.16982478004084
684.1938571560564
3256.623967723678
54.698768252477805
386.2312108093451
3260.794505323913
266.0375431078433
3158.8734387587606
0.0
539.4634626361254
2846.4604582646302
425.7658738652173
2456.2991875949265
3259.0730883132865
818.6823756470284
1358.3760684216657
1570.1673601207324
2291.6764375717694
2222.117508307695
0.0
1768.5734636824827
0.0
1978.504303490796
1148.794768654469
1295.485841385416
2132.4916845521248
3211.4714365434547
3246.061675298865
