700.1298430907049
2829.148309944219
832.7054920228154
1136.121112823857
3264.10629049822
3142.6251737886428
1016.1736411207379
322.4625221453623
2608.773464078911
3244.6422044731744
2170.02810417214
3254.463397977222
0.0
1801.4087603738724
1510.5559569795623
2020.3811490998646
2406.5938776995813
1393.6051840258406
0.0
1147.4705098264624
2265.5346497543837
84.02217329613983
2989.267295151286
180.05141946058086
330.82420923197895
305.66161295293983
3205.1539779893887
0.0
1061.4566814186862
3265.7126895055317
400.5794851842568
652.6420404173724
1593.0472185517524
3215.620754650212
1242.9625176805202
3147.806751785554
3150.707261667806
2067.181511090463
2478.3309469009837
1637.1092660770796
