3255.3091945097553
2009.195451241314
2857.481245372517
0.0
0.0
3149.9443895759223
3256.500269077241
2552.4784065927765
0.0
2368.630881298827
1719.747368842548
3000.660955590576
2158.3274762880346
1825.4372748698893
1468.0327761496153
0.0
2266.121991043605
923.6753806796771
3105.8487829364876
2117.4727256359565
320.99674768412973
1970.710885822506
3254.463271218404
865.509094116848
3061.0666969451627
658.8129602492733
3265.4986268843086
172.48365823349252
1145.2826608688665
2750.576344955466
497.7845566832607
351.75311588783103
2454.1925385576014
3219.4806180755318
1374.694980562929
182.37105528781328
993.9984470480625
952.8474757805599
74.66210384123998
2389.110987757329
