0.0
3263.7577642346705
2077.9089313580043
3256.791576832099
967.2811052706345
3255.6307651858087
3132.52314366296
1929.036929279508
2346.219594507375
1682.7533523317284
2885.5034601783495
1172.4064991793473
853.3725871024673
979.5758214867813
1775.8039916142184
717.6830972984435
3221.118210029691
3179.5917856002206
1860.0317248489685
1173.3218845966794
1740.6323116553983
0.0
3254.463271218404
1576.0494859963158
2647.244062915372
2271.3702780624812
3265.6508835993136
270.21706638996886
2249.8861907687583
2869.9093605534254
0.0
0.0
2671.589254048851
2777.73047247362
2886.8984653139587
1384.3545565666582
1139.9661604968614
3246.0447943594404
429.62071334161215
250.89189196070922
