3259.867984011691
18.689279163898
0.3066981016171682
1586.265678036276
3264.6889143270478
909.0769373100654
251.0697252598938
2640.5328519735403
5.163051281647162
3089.403376096339
0.0
478.6400009883173
1203.740589259533
806.1497686076826
1943.1780461623712
2542.903131530774
2122.9071511166076
39.86781098186543
1008.1312544184426
1675.5362643607473
1351.0833382214923
306.6602665173398
1794.7646596667696
1589.1656418648968
1372.3650893457248
1068.1208976186317
0.0
3263.189539480595
3254.463271218404
675.2217737282983
0.0
3160.1743176850787
2416.4290300885373
3265.7126895055326
2303.1808365326456
2134.272595489111
643.0399802345501
2979.929367673325
3197.0032143498693
3259.909749916015
