2471.346157905039
0.0
2843.6360807945857
3265.7126895055317
3257.5091523515043
2906.447671449646
1203.3025419237722
2018.685994280268
0.0
14.730867344096595
43.84957809113654
3235.029111337516
260.5764870728684
0.0
1900.8361590895652
2630.745708030365
909.8787855262937
3255.7574047056055
3152.212005392622
2520.1359038015194
2141.9423513492534
175.21710305554817
541.6881253483867
387.91595059088763
2338.0116229560517
1622.3183403640323
2940.8184069867148
1988.4605345947052
1921.6488503938851
3254.463271218404
1499.8816617789266
1004.1780150661414
759.5725672832599
496.2018505508187
2061.3092184712405
3123.7101144118287
670.4534147743068
3246.4037760793335
1398.9180947221384
2742.9430662695545
