2213.955688321315
0.0
82.70116012430393
372.1340481519022
1971.3763508411735
3239.517325451976
2888.781905133676
2709.1023609261924
1028.321668171432
2804.867180324847
3261.797216620186
14.22064871952269
705.1153898864164
1406.270248794201
467.95901663785855
3246.373017318774
2451.637296903821
570.2689827885007
1433.013851591742
622.5135620434796
832.4539245943209
3255.325608140943
2599.1015484337936
2658.108313913216
1841.4826298518426
18.5972679549539
2994.3044961524492
3254.463271218404
1238.9150879053313
2219.943072840395
252.49369452633917
3257.823988128571
0.0
2218.7117182245474
125.39395538386273
3265.7126895055317
0.0
1012.0553667412796
1596.6053885711258
3196.3005206146954
