2326.014000404165
1159.6456521947475
2713.5891272065965
3002.4043240522365
0.0
245.82332529488008
908.8638872285054
2665.4752399307936
0.0
798.4512628833403
519.7991249297373
2969.0853338245965
3111.2298553427495
653.6886719850934
2874.928440329825
1596.0271775710294
3254.463271218404
1240.6011130250345
329.0006117478292
2087.949537355818
3255.9928068699655
3260.5059005131557
2838.1252192776083
2441.432798480565
0.0
2188.571104759715
2979.6427865973183
1361.9323505432246
1497.0050983694905
1150.3487133116544
1948.7961945845032
212.48839515011824
1738.0412353844586
2545.6936234039113
3126.3284998798254
0.0
3263.943993653197
420.2364782083606
1291.7594292626634
415.48329260259635
