191.1106742634034
316.23549772658606
1509.568629300306
949.8582932844481
3254.436466561391
3265.7126895055326
271.7358213475401
1151.1812829187631
2661.602604802745
618.9121065213571
3264.821320744669
1270.9582161775504
2691.9246884350514
112.39207298910071
2189.652343798858
2992.4534760591587
3244.2440190343045
1827.4870899962798
842.5310128399794
2847.6172837137233
1326.0845616531415
251.0333007928477
3177.132223579767
2015.9467609836213
3238.019544347772
0.0
0.0
1417.4416739631984
1848.6521427491798
736.751731448095
567.2786666576993
280.53876196156233
3263.5462149029513
3260.802532556757
3258.9741703222917
3215.255140281356
2272.295215403925
2349.5884399089036
1666.5991744428345
1956.4626156007457
