3265.7126895055317
988.349127917541
942.4153061331373
2303.7091708738826
1682.8923299544304
0.0
568.2476287651987
1345.1423622504653
3260.0429774363033
1135.5839834758044
1723.6888091459753
177.51201160839142
3221.5911841841307
2423.533110640398
2128.7180748763544
1897.5581574112173
2587.439130182982
3256.850517969534
2573.405382247377
0.0
374.9144823750697
893.1036623210629
2736.383132400488
976.5710992037189
3254.463271218404
3030.096161409574
2870.7064167857147
2749.458250106287
2950.5945921342573
1690.6769951199171
1446.5887025082902
2169.9993200019585
2955.6246802293886
0.0
1978.5303390219544
2819.675984956959
742.2137961281194
3257.1111664011864
8.338148154477379
1833.8204077585804
