3260.4416626518973
0.0
704.3405833126918
1158.7002915009866
2127.5786644582995
3245.0684449766436
797.9211511482646
3265.7126895055317
10.990634094645376
1611.6837849348653
2898.0042125066598
3254.4632712184048
504.875047521754
2323.349176465961
1783.3585497921476
327.19092405991773
2227.808603121357
3256.379890930543
2725.4670740632864
0.0
1313.6309688519164
585.5954711153717
1031.8946934903654
2265.0407046822675
663.9428915039259
907.1127089362806
2339.8091755756477
1325.7964460101293
3255.1977366842566
1005.3107607042313
288.4756408848186
0.0
2470.8300746950335
3234.2174156120514
11.991833303100876
1660.1455395179682
2683.2956532952994
2979.7036344593835
0.0
1432.6296619659347
