253.0914800296104
0.0
3263.7099188252296
250.07903340760924
627.6606758147541
991.5011229040817
1512.4219710880561
0.0
1901.9521325415876
1574.1243457751013
3220.919040540311
1.46490183671272
2013.208277013106
2539.159712120414
3264.933365283064
2377.3444210622183
427.23362158574616
3076.906810447792
2134.1921738184064
8.511183805401586
1619.0857176751158
2754.958757379184
2651.900871955215
3003.23778973982
3260.0933951744746
3254.463271218404
7.5408338891483915
0.0
3256.7689834172716
0.0
624.6771481722076
513.3958207830891
532.377556575369
2891.4404062299636
1112.1169380672147
1278.2371475129767
3255.940470564929
764.6644717831362
1910.0612026737124
0.0
