1.3641361207349776e-9
495.93734780521055
2575.5104723447466
2532.218274098254
2294.9933581249347
1789.1796453342017
1547.703977582912
1977.5967792016427
2677.098397306404
3254.4632712184048
954.7343108073143
2442.54960237982
3091.2190434179824
1863.943422656688
305.96069196314704
105.06652836099336
2966.813740832395
3255.864182444889
2811.059846175992
0.0
1937.6279663685355
984.4338170021315
241.55122075013105
2114.1784019063916
0.0
769.8527720501418
1189.7779157679931
3249.4524727619555
18.911182914372308
563.2157934984947
2910.975523099699
0.0
1320.373850922281
3257.226667914598
2927.2207428565803
3265.7126895055317
3245.948420471384
80.67659713197955
1712.8271652682201
1409.3903899387933
