0.10233021483426188
2471.0257556023084
2894.2831016196997
433.0553175656109
533.2927551040976
0.0
2356.6712416125138
1682.1727722810224
3026.691190113278
1276.8374360871057
392.36324761444325
0.0
898.345026943406
2584.1460054001122
3254.463271218404
2573.2018883415585
2749.083489301872
2177.9525689402235
0.0
0.0
2651.1726503159607
613.3484943261202
3265.131496825775
1098.5576650965336
1420.8225426311888
1379.494779288342
2942.0331871311346
944.4714415545951
3148.1425988447795
2811.6273698769637
1984.2772068264499
3263.7909852565876
1592.2638572528563
1842.7276216134512
1770.5432826586643
2223.4917581516006
2099.17480241856
2886.1655702659464
3256.096509795987
305.4205460879293
