22.769060769933887
3208.43548266601
1685.4032083484576
2490.2018477910174
0.0
2104.1830274662443
882.8073662223244
2559.7742550988123
917.5916531298959
586.2578251642065
1700.9999456468438
564.994445557961
3265.4675319438156
1377.1593124533324
3254.4632712184048
269.9729686837456
1220.5695126975318
406.87191119345755
0.0
1185.369122420007
991.5847361425319
1541.9990557777667
0.0
2943.977020124296
2010.5697109795838
3.8110597433372453
3236.004705421049
439.6190468305173
217.07307343434266
0.0
0.0
3262.095219697087
1347.7600710623062
2395.233826840171
0.0
1694.6887378883923
1083.5729123097162
674.9051308070381
3256.006668799476
2038.9622311032258
