1824.3828020935957
2662.4416524260523
0.0
0.0
681.4391945418208
0.0
0.0
1942.33772467797
348.5836894812668
3062.2981903717805
1370.9500191820846
2785.417938600131
2052.0245363175163
1181.0470284843202
3265.7126895055326
2576.493561009632
3259.405656445669
3215.337728026238
3254.463271218404
2899.1771263053492
429.3256303488156
1227.241224184716
1825.7475516502248
2260.965066245133
2787.219827676829
3256.3291071993744
3255.292308053159
3251.542349909805
2176.685568809572
0.0
2940.689485490518
1695.0227423247543
1558.7562429826544
3257.7817120396408
2761.6210686273075
929.3994934378682
2799.5879666311225
2368.8233882470354
557.9634906375105
1107.7379785732267
