324.73810902432893
753.7868389082248
1021.2608069906626
1201.177852866625
2485.9191535401633
2935.500481662565
0.0
1969.7495965716575
1699.1402982669742
2633.0566403375637
3265.7126895055326
594.4771895724516
347.8698864771812
0.0
1378.31701449026
3250.553476706358
936.2301411978877
854.5147050362896
0.0
3165.318215509994
3221.5643968425543
0.0
3254.4632712184048
3032.6269031041575
3256.2535822861178
3261.698312358372
2204.148785799817
3212.3695271374895
2853.6473451267593
61.12631879948319
278.79284680705507
607.3659475234148
2095.049394269474
130.044714308739
2383.9924655683026
1563.737197486432
2337.794941391221
3255.760182276197
2836.742655266337
195.60732266403772
