3137.0114145703783
2080.8734395162433
300.9978323113523
259.1781267276465
2928.517541529314
3055.1627201148603
2590.0021405263096
800.6434366466077
3258.033921076345
3255.5216156304436
1039.752507353602
1637.9573303543207
1233.753207583365
2762.5830212795295
951.7502215961924
3189.6565275839675
1524.1484538468162
2848.918219936367
93.35275386142067
2126.7196319179075
405.89425944148223
3254.463271218404
1403.094636474368
0.0
2520.372525057856
627.0755473424479
1170.670274215935
2610.8290255695865
3191.2406344580786
3265.7126895055326
2430.8612434034803
2279.0853007356245
3235.921873999421
521.972536808757
0.0
0.0
3199.957410587571
1846.3113218070841
2909.768668952022
792.7797344286514
