1554.813171933033
0.0
0.0
371.3353534289925
145.45921213226055
1652.8045414557173
2397.549446341329
3255.292308053159
1025.483179547596
3260.6095327405865
3025.611665269103
2641.9027027595803
3257.0809451753194
281.90111524871924
1849.3795623959209
1239.9115572193155
3150.44219033874
85.41731282357293
3228.075558681434
649.9541471816231
3254.4632712184048
2016.907379231407
0.0
1393.7283758901235
0.0
2935.5823581096506
698.3607558018833
2088.7663162988783
446.4748874370439
2819.938278774862
3258.8509614873788
1107.2475143232107
471.4725993744724
3244.536494661806
947.9122757686255
3253.158351902403
837.1682345319991
3197.3919730043194
1235.8387582324256
263.5506149560222
