1657.062475427435
248.36778193229333
3256.368359448007
3263.6072301467348
1137.8725308232051
3261.040317362886
1372.3555428096176
571.4249139068183
2356.794842817981
1806.3207198573314
0.0
969.229002614921
2263.619569089936
2703.681255779418
523.4175711157219
3090.1742268069734
446.8417909105011
1416.5401596492684
29.841657214041
576.2581859750487
2186.248975116277
3229.6848977788495
744.6186460275861
3231.8374320442813
19.84855523369831
1699.4135385273776
0.0
3254.4632712184048
1939.2297916690013
2513.667186285808
2836.595015775574
2642.142455932049
3265.7126895055317
3254.0723737446897
942.500186906995
1365.0169568574554
2989.1527633335995
320.9576796581848
0.25734006043266944
0.0
