268.08854232457014
523.76379449249
2842.3423368276503
3240.0578526163317
3223.6913008543816
2813.35697192238
2139.4319195327266
2036.8380373589348
1274.1309594307327
1748.53132063031
2622.953100231373
3265.7126895055326
2058.1445009224335
1024.9819795963876
0.0
1186.242287038787
0.0
1381.8087526419254
843.2521164742685
3254.4632712184048
3255.6675073941783
2377.64074844701
400.1949181271001
3129.722958658221
3168.7752774703495
1731.7810450695438
0.0
2869.7036342040547
2926.721283051784
663.1764841418316
1883.6953943590777
897.4871431556871
0.0
3257.3490093869314
1534.859002309904
2273.058137007429
978.7772592110109
2449.2706558101972
1299.1360424916982
1696.0347364397683
