501.92703381015633
675.0186859394576
1186.7962201846533
1214.8535115999216
3237.991263555254
3264.77975308247
1405.5721116064458
3263.899731567896
3265.7126895055326
3259.7960356603235
3128.7554408496676
138.5103346108972
0.0
3167.7265593188713
3192.2951687781597
829.7599181350724
2908.6771894057433
3254.463271218404
2639.0581672770422
1542.9266725643156
250.9635169799584
0.0
1677.7077970061755
1371.5485729590057
429.4374220789713
3173.722661757163
1775.211282272057
3141.5137825821885
2054.0991087511024
2771.5647357506605
3224.0537752782025
79.21690045890969
2504.6369648785694
0.0
272.1028794092597
2181.9807597416698
2874.288342592958
940.39990928242
138.95024000224961
529.1985600149677
