2437.144839460547
0.0
3263.5059093827062
2057.5657970196753
2297.6519575552315
1517.693986509743
493.0453349423416
878.5710114495829
2674.1320873126115
1258.931412480597
1731.792880776442
3209.8068943571475
273.9856222348826
3209.7382975620585
2927.6168808479397
2811.4915898933737
1283.5172312697352
0.0
968.1389682170282
0.0
1990.1941803634659
2555.9606015036334
2646.8209067795688
3256.8483310438714
641.8188526089298
0.0
3265.7126895055317
3255.5774798894704
515.60532638609
3250.216675675274
1450.9996694909014
1793.1227395358858
1638.869748628488
3254.463271218404
3175.7510609010333
1625.338518651185
817.200452559157
3000.742158449126
2523.190432663098
2916.768241616847
