1641.3594603849026
1172.1893383182207
3255.7997191587624
2527.111256591166
3241.260056115543
2556.9752168147456
253.14204063362396
2778.849266616131
1391.410735913552
2911.3222616957887
2366.223695564094
60.29572551380753
1170.0340662809479
1559.5206357950608
1993.1167697321005
3256.638169418441
1799.2502751406355
2254.54070486429
3265.7126895055317
351.700124875602
2416.1336855940144
3260.827605368836
779.1421581880621
1701.8776564595264
2137.516549124613
0.0
3264.819703242746
472.1152298874751
954.4338147523673
3258.155734835321
0.0
0.0
883.4448611250069
3254.4632712184048
2716.0114183687683
3259.611010723997
0.0
3251.9841015177894
2307.4041905703057
90.01414891986181
