3255.473939868778
3258.0844683636415
0.0
2644.084252661428
3224.98353449035
2529.6395936503686
2325.3263539760537
434.6145984215856
1678.6911634712146
736.2937633459017
2914.47820626094
2898.0495343797747
3166.436621659428
3254.463271218404
0.0
0.0
338.3354926789502
360.30951617690556
2415.372558943736
1510.6781428468116
3226.860964254615
555.6035064916293
1258.1364104768036
1669.9807692774789
1841.4282316579665
0.0
3265.7126895055317
2013.89694863442
1094.7701498211609
3264.2226459261105
2737.238384428172
206.65041233647133
1866.0910744761643
593.6337442334059
0.0
3217.469013266046
3182.750910553184
728.2404661913757
1050.1614950396925
2410.5544587905238
