1019.0740413359016
250.57549671777645
3238.1408525617517
1470.4854950030967
2329.49809706637
518.4273735503239
1995.396848689914
642.4965551283224
0.0
3198.765102184821
0.0
1367.594092965417
2174.1483791333594
305.65583492055737
1637.3992902296363
3260.8903162546058
3254.4632712184048
701.4151714532188
0.0
49.02609703543769
1300.8112897296814
2607.6420344250805
1856.9764840870944
0.0
2766.797090517737
3255.696311625829
2465.414515304555
3264.053948084966
3051.913381787472
2629.8342158326486
0.0
566.5906356979328
966.817449520709
3265.7126895055317
650.6126044482492
746.6287408511499
1783.0273164113737
1073.6944589138266
2154.883609790065
3215.0927623498933
