2144.7116587162104
675.8556886779404
2991.1026650590616
2671.7857986451745
1642.7859506966374
3194.5065377123915
0.0
2243.7033794646372
2484.2872717621885
965.137401808363
246.3896033627175
527.9749384849612
1356.3407764792407
2319.193049394303
3263.4868237764113
182.7220221747516
2395.2471527385405
2806.3631968359496
3172.80256914843
3256.7218588352134
3254.4632712184048
0.0
1271.9097363269082
2940.8794910592587
89.65993440697895
1893.6521071342931
2648.739399279888
1268.890324576855
1849.3595695570932
1394.798039284744
0.0
447.2758749563378
1505.5137022772985
705.6606362019122
293.74264504267
2964.4003449065203
960.5257249135395
1934.5377977191674
1612.7338296694961
3265.6774493482853
