0.0
2990.299891854771
0.0
3255.292346372851
1128.7699060456919
2041.1845456894598
1042.208950851264
1034.0126025889792
223.24043742370432
1909.9128138546166
1810.7803829985364
1553.9801461034951
0.0
2469.1244930179764
1138.1492658110812
2332.010817017709
2772.464788525296
3254.463271218404
2902.4132711792986
2191.4889072331807
3265.7126895055317
632.4314970347494
3132.046777778201
553.8429963719645
319.9865389955914
0.0
0.0
461.23053239103706
2854.883865018526
2632.2482136560507
1339.0799152546801
1183.7252860124381
326.6872437542231
1399.4909954412467
1146.7524504313478
3263.9107607466813
3162.039560821745
1548.8253342798046
3246.699893035607
3240.461088396712
