3147.725239892847
3081.2330549900935
2513.998998168902
2730.2922965682837
1806.727622193927
2672.6606420659355
949.4646789025927
1768.398960298151
1428.4400719080793
306.5291293014018
8.235061091984502
683.2946352294416
911.5627696481979
3229.1366402317917
57.57136776093102
1537.5198325134431
0.0
3003.499754238446
2301.40115628237
199.9435557693292
2185.792073654879
3265.7126895055326
0.0
851.5087869377987
580.249692856574
521.4713161805714
1230.4056599275116
3166.2146970546137
3239.36298295783
315.15201578092393
1633.0513028043836
3132.917856857787
0.0
2353.0038751091065
3202.596885273822
446.5831418186207
3254.463271218404
776.4620563733256
1346.2826259136773
0.0
