18.485201847585525
3254.4632712184048
2721.422783072921
2213.2849010417804
2437.617921075012
3250.6166075431615
886.9151885171516
3135.7749209271465
0.0
1794.9248831469126
2985.4922233811994
2720.9677748570634
2099.305772244221
0.0
2867.130594949472
734.3720681206357
506.215034117454
606.4534418311665
3235.8288506691597
3259.3182860432357
0.0
1940.2364024388594
0.0
3155.5898632552053
1263.826433816098
1630.7010221331802
1327.9593195691755
316.8124999000846
2622.7785188226153
1506.4176176581677
1604.746972082602
1072.3717087930092
393.50041249100235
1032.1410708706808
3220.82075213007
421.8939009395391
173.18527220066233
3260.5361376456244
3262.1098608272405
2587.841367802273
