1046.658711158097
1397.8602625056824
2084.683008660174
3010.1694271385036
326.3908118066923
252.80230142776585
2119.8267434238114
0.10751006310503511
3256.630881526931
1704.2191929429976
1018.4328586602015
1935.4740052561785
3258.1116764950857
825.6169487046247
3254.4632712184048
496.2801285737886
2269.5935511619505
2577.9778950003574
2433.964787479089
3255.5004025832204
2382.625244879841
2727.7473887952283
2030.5134451591618
1490.7257406263993
3264.951992258676
418.5962375209151
0.0
1697.6238656069622
3258.81579354568
608.1221975144153
3262.6589964476498
604.9759587839084
1194.483618369841
3220.6563019623745
0.0
0.0
2.6873804162062442
1820.1202038228168
2871.569482013172
106.16318723055011
