1960.6838442215721
3094.247159921805
1308.0517153172837
0.0
1047.3262146002255
0.0
251.06972525989386
2206.447957530373
1612.904791429572
333.2764413238047
657.0026590720072
1688.6438705865007
1159.2006986774186
695.6629680007043
2577.4787046075267
830.493563950202
2066.432208204081
3261.6657993993367
634.2058955383668
3255.8804037117347
0.0
3258.875973759774
329.9781355519928
2039.2404789390164
1721.8485352548284
0.0
3254.4632712184048
3263.056802079322
2905.797266368159
3243.7723015950623
3264.419835748038
1426.648184402256
586.9433257399407
2725.488841334167
1548.99345220133
1428.0311605118711
977.0286750591835
635.1597918355932
3265.7126895055317
1830.085139190999
