2284.54185686368
3254.4632712184048
3251.435299065361
0.0
1119.3972029007593
3264.883652733792
3265.712521427356
314.35935192687606
880.1430135192116
3258.0635705521554
1816.3400703093007
1562.5817548154157
3235.310733920623
11.133346515657998
3186.287031974739
513.772550395226
1300.708383354534
3259.850001420881
725.0222384780399
2592.0726198015573
2880.9039916123697
3014.10409297766
0.0
939.1651767400718
1483.3287165061988
1325.1462865958938
2147.8497018947987
0.0
2383.851531893316
3255.7082026435387
2739.7798040473867
1811.3967739822808
0.05191330141702179
2397.3490896298717
0.0
781.0058027241467
3263.6340821459835
2705.5546178395202
0.0
1660.72748870946
