3222.4893211167023
2860.099573342771
2486.2760294644554
1909.067241547711
290.03748031626543
0.0
0.0
3265.7126895055317
2743.635305924414
3255.4619780893936
3119.6462979781845
2059.7938800495995
700.4144160148699
5.574330900711658
1579.0240587463668
1102.5942641927068
835.1349233677103
3.3357633731111286e-8
3234.1195686052342
1742.4585062498068
2828.0504149784088
0.0
3254.463271218404
0.0
1836.109741864201
2193.0384532370113
2609.856405697358
3173.874205239761
1360.850918166242
1700.2442416821282
21.00982204391949
2347.179111859014
3256.4392311505576
1463.447371822239
566.4828369472318
3016.586424075521
1078.3297703380517
2902.8085381155834
2884.282532229606
192.63901388430537
