184.33241284285143
0.0
2931.687642789575
170.78241002168988
2095.860085967533
3016.747388542851
3254.4632712184048
1104.3916674076036
991.3653959096849
3172.528518513017
3262.500054318059
1949.1988927690295
3264.229819860289
2153.292633433725
3249.1303318931227
699.4116404927106
2216.1752852990676
3256.5266100093786
3001.3381009207883
249.0279756703666
3265.7126895055326
166.36056370702698
2607.372148967582
642.3465471086412
2187.1243544085
0.0
2339.9858454709365
0.0
545.9014987672986
3147.241309452063
1512.7211031174415
364.67636983955106
2458.1654770521113
1392.3028685033655
1159.5699115208024
91.95839900519773
3096.0448279300253
1738.3320674846805
2829.302854553215
12.20306446343415
