871.5016998883192
3218.692319094049
3233.9026699025007
3256.7782482397333
3265.71268808128
1278.6451637125963
3259.6775263507084
284.90896292656157
2343.6963173972154
637.2247750284241
3254.463271218404
1486.4826755777335
3247.5023801327916
825.290992409257
0.0
2808.9266787917
0.0
2738.5456713218337
1249.2618778067542
3255.273132374037
2502.0309269572736
2042.4071765823885
2985.0514753062685
485.31044877465837
1707.6426083680003
0.0
0.0
1109.1225143798551
1880.7220266961867
789.980019882473
685.4894372277766
2188.23304910856
3205.8045350671937
1537.7576392593758
1688.3673420337623
2604.7904781465927
78.61882206778965
3258.3728718371976
8.36600244554642
670.5028863948086
