1361.5700535016008
718.2117304698183
892.2225003666908
1172.2585171396067
351.0668447190982
1627.3660641062886
3264.216487464718
0.0
1924.883080251051
1994.7024618271807
2265.048322705564
3254.4632712184048
1460.4387671224213
2493.5960571992905
0.0
2012.3355238900122
1594.6365009693625
3261.8356432497485
1055.4841149674844
1775.992812609963
230.13804083167128
1467.3433768214754
3257.8299876892042
2427.9820509298547
2746.319468372073
548.7441287846337
2396.708790736863
1213.6001740790134
649.1311819143476
752.3395865819526
2583.4068815062033
2641.526425796341
2111.8062295030236
3260.2717599954067
1089.9703117522363
0.0
2989.297968247529
3108.89577846719
385.0054394922479
481.4964489819066
