1244.5398943115
0.0
0.0
3257.0733755324995
283.2261759073227
1474.132020777007
1098.3021464414912
453.1326695941877
2818.3339561546445
2200.6686990646367
3253.3475721095783
725.4983932764562
759.9133476457455
275.06680233662615
1720.9880855828314
247.39112214582002
2238.527499449632
3261.2848856138976
3254.4632712184048
0.0
2416.5966148697753
3265.7126895055317
2622.3764505444483
1986.9720796633655
590.959678308095
757.6479891543052
309.23527599910574
3262.496489585705
1344.8062077959703
9.04382921867844
0.0
968.4687602823467
1303.9795838114255
532.4635016503124
3264.500018424823
1173.2860317104899
3255.7357853828767
1832.2208413672479
175.98130133986876
958.1677820302531
