502.23716609855455
516.7501328428715
1914.4956137756424
3264.176213136977
3255.326180614672
1158.4803906656539
3208.466834680344
2644.7355919288475
1009.0873968578651
2628.7869474190693
2741.0327900248944
399.97313396398795
2478.2267431872315
74.28143486785962
2958.0887469823983
3254.463271218404
0.0
400.7744144117696
1210.9676929110826
0.0
2768.949918885517
1814.472817148987
800.1630137737634
2642.7807823256244
1394.7503195537574
932.5465945904027
1415.8503461472717
3090.5018821761723
2084.303909680771
1137.3721284963924
3259.090534070255
1516.9243775503023
251.06972525989394
2239.549772651689
2927.770709332917
2688.295007089252
109.3252117065068
3247.567857870112
2319.5565089810593
771.7236118595018
