496.97993126013586
1339.6785058884325
434.5895156776794
974.1208905701593
796.3388971495838
3160.833937944576
3236.825032824714
0.0
3261.3671274921
320.32095817326643
184.3550877112673
12.41720828764249
1582.8442087646035
3265.7126895055317
3263.990482479316
0.0005526000464478591
932.2141033043328
12.024462885536575
2421.114555384994
0.0
722.0905381516535
3003.499754238446
2728.132956461137
2036.8381372029735
928.3113245217546
231.9601777463609
2874.8543109299
0.0
465.4781876813419
0.0
2202.816036593303
2019.892944224189
3235.821634968151
1161.3856917148446
3254.4632712184048
935.4931033648307
612.4596242548414
1819.137975149667
1976.838335670535
1712.1534369943854
