0.0
2208.7145485975416
2985.051856875614
1871.5321082034498
540.0615629445889
649.0152677396975
2035.6568918252585
291.0666455279127
816.2909328837313
3220.1098291680582
0.0
3251.0781295145625
0.0
1495.1527353488714
0.0
627.958359575377
685.498703850176
468.47907312022704
3265.7126895055326
1161.2771363572713
3254.4632712184048
3190.9810272674276
3199.4931241854365
3221.160094403638
2937.4499256215204
1943.8596335348439
2588.2518530063503
3252.181386397414
1973.8150101983035
2562.2840935364175
181.38894113817292
779.8956573021158
2757.919683405646
3165.34802522317
1661.071118347252
1783.6750179302842
0.0
2083.7323387662564
3255.9398821753985
2435.7617016460367
