1452.5659162934974
725.3342830591612
3264.373606176783
249.78015055129737
2480.937735098369
3257.4414540497587
3254.463271218404
1486.7152387738768
1149.6509546196596
1625.325874252987
1988.1539585329913
1342.037351979907
869.6250162603275
1926.7483174308302
295.3039412274228
2584.024243568835
2436.026432013828
1782.9602965189804
564.2639506665099
3263.1156810957946
2268.3577941195463
967.8559562588151
1706.7811938469492
0.0
3013.0912111980215
3255.5418551803
783.043567591088
0.0
0.0
2670.8953860579395
3249.206466220042
295.1082534590772
2871.9963986957046
2154.3671768406884
44.95841368445565
3231.614808678815
3265.7126895055326
537.0277330280576
115.50137077685679
856.8525080817953
