858.1362199845353
3114.9028201165147
1746.6782268135728
3265.7126895055326
1179.890084337695
2017.8892445210868
531.3317444639518
3115.0962517216794
246.62443338775884
1085.4487008404244
2065.413120196752
3254.463271218404
3232.0150960862893
928.8020013675757
741.3665597749343
2571.599052860376
537.2019858360723
3255.885892653465
2279.2750036145067
3186.0474986898107
2484.5210887193753
3264.8836526707773
2974.3663234904375
153.07067030207176
1930.1865732541373
3260.413964939832
2248.8652680624004
1261.9626772284387
2883.2571451621898
3156.8393456907324
1468.9165048417829
0.0
386.7000008693441
0.0
1854.4969687497862
0.0
2729.832538544806
0.0
1592.7830284403876
3213.17459869857
