2792.037707191361
0.0
152.63084317500562
2433.50358911705
3265.7126895055317
2515.164517028944
0.0
2827.7648076961195
3254.4632712184048
513.8027241143602
2932.9399023207607
1611.316651122593
1282.7225131921446
2632.5917966577304
1146.4671739877567
3037.4410888797693
636.7347544790799
1027.9606636495414
3264.0477150075203
840.5995649528686
3197.8722673805287
1978.1725209142223
409.50410503955715
2445.2616316616527
2145.1458079166455
291.99220582025526
1470.2902719739566
773.6436590102961
1194.3057538002606
69.54893023903317
0.0
1794.8826207540656
3208.7630456107236
2309.9868114521696
3256.10307174194
2464.5763951953104
1872.5105675001187
1652.6680589090463
748.4032960855368
1712.9205394020223
