3239.4348677313083
69.28314883634694
2239.8533031973234
1959.829309415442
1602.5106168029445
3247.682599970222
28.28351186628411
2473.9021313614016
0.0
0.0
3235.5236518729157
3254.4632712184048
1735.4928081585658
3265.7126895055317
116.47819489166258
3255.218590714974
2619.313051679672
293.9883651074532
3260.7092411860567
0.0
0.0
123.15876597820447
1171.2633427817818
1418.749660075009
2313.5686615757136
967.5138818306579
2031.127659942858
2131.8352201192047
2903.8832653364752
3256.0424553237676
3262.8195539284998
3229.264107823905
784.2866371442851
59.7768759768221
655.0939053616348
995.565357554659
3233.0039352887725
136.73920369889302
504.54675061660873
1032.7768422493548
