1716.8225413396895
3223.6856172366424
2543.214245420107
3253.4168271015324
1832.0386498799542
1056.6245646730501
774.5379088057808
1386.3051627638947
1953.1158321581665
564.3462747276327
3254.4632712184048
3259.236675872411
2668.676843061373
2864.8779537319365
1572.8347617076795
3255.477813409441
2246.8478774236364
1604.9911935360392
930.4207506431579
442.89394534599353
2102.605130178639
3260.627740977083
3263.7819831960724
1243.958783596203
0.0
3262.453872689144
168.70469563245115
261.59398307881827
0.0
3264.803518450316
0.0
3256.523168175254
1296.773103339552
0.0
1332.5999948528681
2403.608178425644
2506.0768011796995
2345.1098682729294
940.3465512372968
2731.792573191053
