490.6083953113693
723.9822699637789
2173.9211211751217
1176.177391972935
2424.0056881230157
1722.655288162065
20.161211194686892
3227.572807833658
3257.213638854277
1465.869810058267
3261.0914637314268
0.0
2583.8751195722994
0.0
3254.463271218404
1272.4399678923246
3019.0123967387053
2633.6739368991966
2235.7334256959584
1935.2284332532647
1334.111911216553
2792.041308627582
272.02915373449804
1891.342868947603
1594.15322366548
1.656718483636769e-6
1278.150717193347
0.0
1071.4847332144973
1664.8562601976391
0.0
2899.798815471074
882.9740374787045
917.071218379366
3255.437573792235
3265.7126895055326
370.2889172315977
1196.939166229532
2254.4086476362972
71.29574269140645
