3255.4750348884368
0.0
3261.485774182801
2854.7752398021635
1540.98242603862
3214.4203046451958
1970.5185225293353
460.16833908488013
3260.729679085747
3258.2566014991376
3254.463271218404
2115.3958074882294
0.0
1813.5376816484538
2658.0474869307186
603.4537790975853
915.0094857224009
3255.880184664163
3233.0786426529944
3259.838574205649
1251.9559044374419
2430.2414081058605
265.6862523808264
3256.381557661748
641.3979825771619
1515.0695971148543
3117.832729010502
799.655115224566
0.0
280.60319696765754
961.5801871979737
3257.303022154543
2539.551114186923
2194.587611126472
1310.0034246512605
2038.0503986865474
1096.5305330358187
3176.5137049454192
2299.1236022484854
1683.9605684303565
