2875.480933465874
777.5020272571976
1466.3716412565836
1917.101370550272
490.7681984271827
1126.269588054983
2993.9864714118385
1379.4892712204457
773.0369917614455
2517.171613979201
386.3614919366189
1001.5298855690708
1492.2330623552757
3215.441909563523
3142.711297479937
2352.5468009075885
2220.9629537567394
3147.031809848645
3265.7126895055317
3254.4632712184048
2062.448832548209
2699.6069025458273
0.0
204.34210673283732
2.880681496156331
3264.694348433031
1474.2907790392471
3253.2214132788044
0.0
3188.7033794835743
1465.6705202771925
1355.61899267532
1788.1642534720027
0.0
3194.426864112115
3232.9132756353865
0.0
603.9121874562808
1885.5095173752272
2645.4500986081266
