3204.3655796241555
1673.1554432807702
1576.9206713854558
0.0
655.5567154751146
3158.752059611918
3260.113770802588
2260.8508156284784
3257.4452054923404
2485.421186582779
493.5525170953394
2587.480404745729
0.0
2905.074873468634
1490.8186371600573
3254.463271218404
2120.655055412246
1799.2143650715523
2995.238710303143
790.2267880479969
2975.8199928749373
1948.2950650484363
721.1623585767147
1952.4285885477343
824.0143745426237
2715.508726647753
3242.377771112329
369.10553085709864
2835.5056400909757
2713.82708071837
3265.7126895055317
1238.9054542713607
0.0
1241.8299536533825
907.7244538238208
0.0
3255.523521095069
3234.9804436374206
321.055769866452
278.98947963304903
