0.00040335205584167324
2684.592652296579
47.53147503545429
0.0
3254.945642823884
2831.9483610801562
3265.7126895055326
3256.658219422797
3261.6812033755145
2292.865386371043
258.8828379217517
1394.5885818743636
1768.5370961764934
1969.6851513887452
2995.5368073498285
0.0
2091.1111639867836
2315.7250685600543
901.5583505566888
3003.4065425170475
2467.356907248307
724.3173494225822
3254.463271218404
1790.9291521872015
1352.3621615845286
1760.7156725414961
0.0
754.7988117836135
3221.408444392445
1093.039976452695
1278.6639998153373
1087.241553343285
1182.7489541071632
582.2073332077756
0.0
1572.2325801466216
0.0
3258.3020152932986
3200.8881385973814
3264.6518558367256
