3207.2246054422117
2146.6175201467254
845.4104500664293
3264.758416731096
1808.4006820491995
0.0
1336.1336405213997
3263.224281879763
2811.041324940688
1219.6971636593917
3215.4191723114336
3256.939762937285
2616.651409323203
2287.547858736252
480.05106207750094
1620.4131935548664
2988.8635252296667
3255.7623122491445
1516.4940895397715
3202.4811385609287
3265.7126895055317
2724.304985686207
1925.8543635969327
500.3826892879367
1971.863863417648
1016.9247119500183
3254.463960077662
1732.7593857277034
2435.1808607379794
134.4165287044236
2514.21679553859
2578.380283563819
662.8351373161584
2936.2913661423254
547.3620661252222
0.0
0.0
533.6079404521682
2399.4508947553445
344.554691554981
