1688.132498723098
0.0
1848.3672008928331
736.2835780377889
1991.9308422592467
2447.5368437701145
58.634987137738634
2116.0606848729103
0.0
3263.0502750747796
1316.4417804276604
2353.208194203179
3145.1627787140624
2168.4799367586165
3247.793568130546
2930.097585244841
3264.492885359926
174.73891086613173
2908.339550422836
3255.4857701321293
228.0111787344828
2790.335578089197
0.0
688.513288215896
1873.2794679899373
3265.7126895055317
3131.447537851006
995.1131756103534
1703.4243073146176
2543.427085238035
983.4884600224486
356.88209274684937
1538.1438771443013
1123.0674609833964
0.0
3204.5436264296136
443.5918176351819
2613.285767520748
1913.3935102007667
3254.4632712184048
