3199.6301036851755
2156.801633896957
3249.5343380259096
3228.046152061134
2841.129898838701
115.3813090340268
2283.5003884677367
1541.319564329374
3256.040140985294
1625.818626848861
2727.1744202496566
0.0
3258.001609742999
1263.6331065978939
1359.8251229672373
2345.345551674831
757.8042209776141
3249.3083213633263
16.672615624049914
335.9709826450602
1928.3980066418326
896.6703362355006
1616.2833472526543
2904.6642607796753
2606.646634651606
0.0
0.0
517.0383235119821
1987.023777748019
639.2170772859084
2490.1814670280687
1042.9660363255168
0.0
1199.4417529760285
1100.8463592466496
3254.463271218404
3256.2473288153888
3265.7126895055326
1083.0477892593358
3014.322855566248
