2021.8162316501227
837.9287167114165
1844.282628424688
2841.3949546882195
1222.773710320798
0.0
3248.1447757406663
1150.658586792202
14.010285570854128
437.27094138523614
1500.2110336268172
3.6800141933672674
1517.6198946993518
3212.7916603747317
1757.4723166217618
3257.6385363243025
2614.031664843829
1108.1725378813953
0.0
2842.9354105346492
75.74491214971671
413.36089079729567
518.9810346701837
265.6189625611817
1352.1645690968762
0.09790271112776366
3265.7126895055317
3264.8836526707764
3263.8874524408716
2445.2528568513853
3256.089628260134
2164.2544698208676
0.0
329.1778654437567
658.8095471989983
445.15594692832997
615.7415829893499
995.4953647672618
3254.463271218404
2972.030970756737
