1.511269769754002
0.0
3258.673822982654
3219.9813311197245
588.4673477774838
662.1155490018429
0.0
2095.717984927205
1436.6534150580471
3247.1852527991036
3255.3970320855633
955.2090630895832
3206.0893764256184
3256.505295946476
248.13744896432368
1356.105426013736
3168.912746170946
3178.5718459306836
0.0
1089.542992069038
2647.7092996516885
0.0
2036.860857137506
2957.178353422867
464.4189583215004
3254.4632712184048
1208.0700702370277
2205.3824241032457
1864.0715629792276
47.7541512661461
3265.7126895055326
1773.4336572155073
0.0
1198.0805537543035
315.9182939198298
2325.198612351921
3264.8296816469683
1607.6177769855167
2745.5954909869183
2491.870134624982
