1763.3767246442708
2401.6480766825002
669.5343142709602
0.0
1737.7796382766405
3263.324625969157
1043.5486404007042
3264.7139553895427
0.0
519.4081089777051
2489.7062040953397
915.9336549879347
750.9783250304629
2835.246255302297
1341.6096381508742
3181.980501163312
0.0
2445.89168667717
1118.3004337268662
3261.866317130636
334.5672346296569
2328.682907877608
3222.0914451841504
1473.7019427170571
2596.8592352854057
2127.9741195066244
3246.0032568621464
2256.9490508709855
1583.9331351729209
0.0
2915.280800221242
3265.7126895055317
1889.890234093527
3218.8162977801157
1997.7470513309388
587.910702817213
3254.463271218404
0.0
1018.9249042908073
250.77856161710122
