2573.4451464459453
3261.7128524676646
563.755918511437
0.0
2690.6840588291793
3254.4632720558757
0.0
2082.1443590171248
2352.4409948118987
2781.4486499226314
27.651040623083777
1613.0009892039336
933.5734199636563
805.8216127887215
3043.5046195842046
0.0
1738.8702748557557
1321.0979205903259
1228.6441311466938
2208.9065796982777
186.991561301482
3014.248091197719
2905.2635738110253
1568.09602135995
1333.550639448269
457.86182746522434
309.9620165276325
2792.295796465608
87.14531134110223
1913.7345113570143
2484.4465871044513
1951.3888667965396
656.2198813566054
3257.5065290584216
3256.0583942009716
250.96351697995843
1474.5719117424374
3265.7126864114866
3002.8350122243933
530.210568981441
