738.96150620102
924.5404906621043
2529.4537602344103
3145.195139674306
3257.185908158118
1125.369410509042
1949.0996410040661
1411.149484822238
2900.6477577966984
1791.9092239075153
2966.95317493746
1658.9385232547706
0.0
2869.3714942274487
2124.0364060641627
3258.605893804189
3254.4632712184048
1097.8432155908613
3168.6586913039146
566.3576305705426
262.7862423628926
2441.649639021985
2989.6902202039328
0.0
0.0
0.0
1800.0159634795034
1396.6181953921064
3255.493680144551
1919.4219086788146
2262.6790711388944
3073.248490283868
1825.099920458489
353.4764734283882
3017.4410031224893
818.9590666779579
1553.4034330028192
1066.7999192738741
894.7339751013085
612.363785475241
