352.2549604168276
3265.7126895055317
700.6312115590525
3088.750941644271
0.0
561.8675579827651
1266.4802031815548
1430.0770068231413
3254.463271218404
353.4755390428904
0.0
1899.7185518670144
0.0
2072.721614946767
1503.019297895747
3256.037700618469
7.448821016882309
2015.1990026146018
2656.349453144866
3261.6346380364294
1642.1537314603233
0.0
1793.4739146136012
0.0
2494.365072991862
934.2619777657242
495.68401253357854
3257.4374110551666
776.2904419949052
1057.0748022918287
673.8733997901668
2823.6858302015753
2446.6789743136187
2221.281452200921
3256.0036488027617
2901.319628932076
0.0
3259.496260643577
1.7255650595392868
3264.793208071028
