3252.4042689685
637.3930661471586
2557.5702072599606
3256.157386264685
1432.1875022882227
268.84326198509194
877.7768524300081
1454.7292195545856
3261.985873171957
0.0
1597.6433645922205
1846.5898084732692
3207.9434175158617
545.7969998293488
0.0
3254.463271218404
1206.5832699895204
229.87262507146343
1081.4149948802262
296.0863841915268
3260.3306616895743
1015.7253503822586
1682.6488744731225
3258.8904275646696
2315.0621414470475
0.0
3257.748470407805
0.0
420.6035857811625
1926.8768911134405
583.0100827948497
1864.425756180729
1218.725355611126
142.4324125724791
2272.589160254434
3225.3626987737243
2433.104777742156
2079.5801955909365
2616.4829532032327
1403.067720384919
