3254.463271218404
387.6207774840108
1783.8766199392176
2022.8205939055115
2471.7538151419008
3265.7126895055317
321.8289875593447
2977.6825242427176
0.0
680.7950342759798
2482.974738034909
1072.313736469955
3255.2649426160306
1232.6936931359164
1905.1754346334553
394.8205825486641
3208.0831284909113
247.20353297343956
1863.752616182683
765.8231540539387
3262.179330621384
3255.903452442442
2205.281465868426
2797.025969966248
0.0
2601.7900476520954
3264.882393446549
866.7726208053624
2312.3617779916267
0.0
573.9906459696774
3257.636065600713
931.9808957950357
1416.5795567922235
0.0
3205.493287130753
265.40248026269626
1032.9826322709348
0.0
3263.636579974843
