1570.0902048940306
1117.9662327465953
2211.5110347370687
0.0
715.3224623237901
1817.2250014018584
2066.10830096479
0.0
1684.1735177853877
0.0
2409.5476407087353
2820.475768380681
1886.5347170687282
1743.6806873627024
3254.660172233329
607.5470824553778
3254.463271218404
2737.395462377466
3264.3858048708485
0.0
2636.4037921304644
3237.883147363955
3244.2560243020134
1761.8732601214049
2622.199322928712
797.2478996162799
1444.6181418908832
0.0
1527.9307711048205
3255.292308053159
1652.0292323017543
442.24689266363237
3247.9518860848457
3256.4959429673986
319.289500981402
0.00018108921097718256
1117.172008877302
172.9861035759377
3263.0777764724603
1302.8810933254283
