1936.4187896022818
0.0
3254.4632712184048
0.0
3256.5818380061246
576.2307258621091
760.298894095384
301.5308920481538
0.0
1869.2621297129315
26.86533166202766
3234.2457319376363
3235.0127790197466
2583.4334045828837
2716.2334124792546
1940.3636460119083
2216.8730211127327
3126.5001603735373
656.0153234869227
2828.3500497439727
113.63320022393845
2390.548489718897
3259.2476468293125
3158.334719993346
1073.095129401499
0.0
1802.5527369406634
1312.246051948439
1516.643478733558
106.28767274956772
3261.359515874089
3260.264995793687
1081.9637360615045
935.247580298055
3196.3415652548106
467.034004749102
1779.224921950263
3003.499754238446
1482.098067697631
304.3496367774173
