2755.209364986008
761.6149899353968
2240.650836372047
2562.458792551226
553.0449376623334
3109.495589880894
3254.463271218404
3257.2494571936527
1086.145612650332
2891.368280536267
787.4466476767575
3125.5464818917308
0.0
1929.779835023396
181.36456351549714
3008.1028547715864
500.6399878790347
2784.066508641964
1400.8272952063116
3258.4957163332765
0.0
1454.0686911901748
2710.8574316931918
2206.865027257995
2381.8148349658723
669.0685581930793
247.41875809514045
3252.9872751931107
1766.082116164558
2010.2093075160112
3170.5047878525124
3054.040151038266
2433.1099593342524
2093.2283181948624
1484.094244439875
1618.3806393982645
179.84586837763433
864.0657339113122
1221.760107843841
3204.311120358341
