498.0728396908488
246.25379277419336
1026.4112194110749
603.0860954538628
2265.216256064985
1825.6112031254545
1161.0302961518607
1514.8793780220753
2659.021812675921
247.36589866584072
2557.443813085616
3264.8836526707764
2885.6576978052494
3165.4862803327665
2392.716457711519
2106.0668136684635
2284.8142395362893
3181.941653500126
3264.0104310677384
1415.1457289715286
750.7918840312466
3255.8835251543787
2083.1235885767524
0.0
1951.1714591254868
3014.1393548538
0.0
818.8763517298855
223.0278749784241
3244.0750220702243
3254.463271218404
457.9811029917849
3265.7126895055317
3226.03504442857
1284.8449945802352
577.2198147380302
2989.3041005924665
2444.2113669530827
2767.4321544471604
3247.322935932627
