3261.7684824570742
2707.6342666540036
2602.4772875211424
846.1081729558224
0.0
3247.094923536273
2146.6299300157866
1206.117222368822
0.0
2840.579690052915
2531.2384804895887
3254.463271218404
135.14441793690375
1303.0097807530165
1744.7477331483449
0.0
519.1891354102843
1867.9475711032906
0.0
3245.8342738727565
2289.629792054745
3105.1592464316655
251.06972525989357
3200.997126678545
533.1166286579391
332.44573838600036
1023.1276408889221
3140.3616094654512
784.186353917833
697.3458315296999
382.9545169124292
3257.6893022662393
1007.4251359667165
0.0
3255.9440554251405
3260.8047446558
1638.2294766710256
508.42931908297555
221.66754046791556
1524.3892082898142
