863.7898800049339
3256.434057754338
686.2302383561571
2142.3919964575625
0.0
0.0
3247.172982293037
1180.2490111999398
3265.7126895055326
985.6558634375522
3254.4632712184048
2415.181654319419
1279.29245974187
2606.1634866059926
0.0
1429.935878673477
516.3436992712545
2457.94199992223
3134.653009788995
2302.7957848779706
383.4796952259958
854.2707268022695
2807.396005972755
1992.4876240354388
0.0
2301.510709700917
0.0
1788.1658268292142
3239.002162309437
2748.6738167856533
2042.5134834880196
1814.7102412830463
0.0
3255.3630827107577
2999.743542045548
1699.6461196774042
724.8515747076694
356.5405138325628
1606.935795313111
3150.837381795336
