1195.870469988114
2462.731576614731
2830.2633395069324
2594.410409535992
3194.3711954423707
3165.7796449528323
2.600848448221635
3262.7423466595833
0.0
0.0
250.9635169799585
1110.6111015203674
749.4878670722962
2990.3640115773696
2329.0970455762113
0.0
849.658996833967
3265.7126895055317
1612.4014510847724
1811.6974836288882
2158.0056517311323
2826.1731206359564
533.8688888533052
1375.2313247126958
3238.4741019590483
1423.5225699011457
0.0
3261.6610577672286
0.0
614.1220308519696
3254.463271218404
3264.4275851303737
1935.481604987951
374.2434363031594
3158.8321598005023
955.3544460893464
2118.574951296327
1015.7184302447837
0.0
1752.5277502188897
