1886.5803358647988
1476.3339819069631
1755.9794741661935
0.0
761.5689898120693
1612.9535325034337
225.59347687239267
3233.2619816158913
0.0
3265.7126895055317
338.87686927436425
2095.889201112921
34.51898558248339
2232.220881764124
2453.6738087065182
3254.463271218404
3214.9273223187856
0.0
0.0
2598.4500925812513
2069.157286936806
458.04480784472116
2751.248916283112
2238.9938341091124
1424.9393617441074
3258.467287123677
0.0
3003.4997542384453
3254.0973132359813
902.0149145091744
3260.222309825551
3256.5299283910854
0.0
1131.4798332661037
479.0821166006349
1284.5516771607518
2347.6883278045225
1110.9913318534345
2157.555717258347
657.8433683917283
