2665.963540707863
734.1915855564627
3254.4632712184048
381.68353333720313
2322.2287890684943
0.0
2802.316005526534
546.9142875339201
0.0
1967.0095015394354
2517.6476300574705
3257.373695716041
1398.9475269814682
3036.448507167642
1846.115362989184
3180.9004515102524
278.2917985982119
2686.988810413459
0.0
1998.7218197975249
1256.0028987487183
3247.718055767018
3045.974994232611
3125.295906394633
3265.7126895055326
1511.8717953664034
1178.6910552840015
280.30568616454497
1291.0698818078642
1297.975767001609
2399.159002667918
3171.759999135498
1041.9607536706706
2899.9205308811356
1622.5683614815136
1463.7586524385006
2986.145038321924
3003.499754238446
2115.7273260239804
1656.9805302785244
