1219.3356867927198
2763.573238985744
3193.9011954400394
2361.9927267066755
570.482655329205
2959.4997736815594
733.3291013673052
2642.1646094965517
1326.5436505197326
2505.8279239708727
0.0
3014.642964245638
5.373925877819626e-12
2017.5808244365523
3254.4632712184048
1726.6072622837567
0.0
3256.8182936101075
632.702189644357
310.65246818243713
2354.419313786133
1454.856217836833
1164.3886348789017
3265.7126895055317
2249.509725417347
2511.2758128343958
1721.4751373125077
2132.5899952683358
1972.5448625724016
0.0
0.0
1470.4054120526139
67.44324190700718
324.8500784387332
3197.2022123694587
339.4506857343574
3263.586725121845
670.647776612569
1026.8284508662355
967.8959917982227
