3183.6151895667717
2953.12693578037
1253.1405840780033
2530.43972029267
1843.7353684447976
249.70167152563758
583.5057349242068
3255.8939013685285
3232.210238344715
3254.463271218404
2022.3607119436888
0.0
91.93883821658576
1082.3324579462844
2764.8449960353196
3265.7126895055317
3257.2777613373114
871.293440564594
1436.4696741063876
0.0
353.24767959978266
1592.7893077128285
2896.0650390965725
2075.5946526993625
2496.2386134936023
753.4092482514233
2202.0558407928415
617.9786119815212
1820.359786250817
521.485312602366
763.6872695773855
0.0
969.2722452328405
3250.8140056589637
2647.2790200028085
1830.1238340202758
2342.147143683774
1770.4956494995258
1758.3845127640031
3194.527459180734
