3115.1567583850783
2448.5558908295216
0.0
2856.8709903570507
1028.6230680268332
1929.195738094999
3051.7810317340754
474.3128005149842
1797.3985137770746
3116.766851492189
2441.677173703264
2360.6329102147406
768.8741636168677
2609.247186301375
731.9037657330466
2733.755301022397
3254.463271218404
2289.5690740059335
262.1495186454179
1963.7288859356056
3265.7051306268577
164.53858637632422
0.0
602.3383439910422
2992.57350871318
2584.939422582621
918.8418570633557
1400.5134464351258
2108.5353461631667
1257.7452810623577
1908.603160493133
2940.307140361485
0.0
3256.809495856208
0.0
746.4323514069248
3232.55225483435
860.858125223104
1131.036179643353
1658.4508646119332
