3254.803711183674
1140.985583627193
3243.0277975833947
2680.260995050055
527.540524289163
1597.8013524763467
2010.3437619913934
0.0
559.166568170716
782.5970466395473
2406.4900196944013
2300.644836151495
1658.0088036629388
3256.8230709763566
251.5151772265853
0.0
3262.4155900725254
2973.714105533613
1782.1691345192812
1349.1885465955402
2068.078599283288
856.8932049233927
1881.4862120007097
0.0
2596.002694988415
1006.4710987164018
3264.8670364673253
3199.0183833293677
3263.7605220972673
1248.432134186276
16.802201860308926
381.62173016055
3254.4632712184048
3113.806146682561
252.80485059719368
1398.4921819825447
3219.578763388576
636.2451042374654
2655.860566035365
964.912623904413
