1985.3663215224797
1093.6152965315982
2535.23458478212
3251.5627167666894
3248.9555366724526
0.0
2801.4255188631864
3256.9253647060173
803.372805278243
2.3445544613007923
0.0
2929.7237376722287
56.89015835020348
2202.7982316635744
2122.4039125736813
3260.2140015256928
501.9270339599169
3260.5312621674216
1384.771788853618
3245.5979414799276
3263.9846521974587
540.213136743449
3254.463271218404
795.9967122466854
3254.0888118439934
633.5725266496385
972.8412841672928
1743.5765511477844
2678.809063265532
250.9635169799584
3264.6512404801015
1525.180119060018
1151.722004980748
1627.7499127992407
1252.1056867293717
1889.1272137640792
75.58890114180522
3255.4141081999837
2628.2908580499898
1146.7575579261822
