612.6645192238708
0.0
2983.4270117560263
3264.4333282915604
2641.8705757773414
2834.2372479315513
936.9475368012234
1568.8175535982764
2869.7581922204263
1405.5489731143075
0.0
1882.7994173641346
1109.9994661291614
2413.05981079682
1669.693693159885
0.0
3265.7126895055317
411.37903107866265
0.0
1588.5377314749408
3254.4632712184048
182.42686572788884
2137.2838623897287
3186.7864304258815
1531.1257028317445
14.113800448692578
1577.075936405765
2687.1836147890003
3241.528736390095
519.8724047898434
660.9668488009888
2216.3132751475205
301.27337881978434
3001.6455416128856
279.0753740031166
4.303553109894518
0.10602665243233284
3255.7892892798673
2007.9534325879713
3262.593773954153
