1401.7914864789445
2617.4320417408144
1272.7673543696237
1067.2031104250082
2282.4983980319184
3217.8757202904176
2451.054493869614
1889.4729756262961
0.0
1988.0502813836085
2354.6840006500165
923.5077963994389
660.8489901156181
3251.0843704062536
3254.4632712184048
3211.9160265683577
517.6183563305715
265.3594011804914
457.36071972405256
1740.464982166477
3072.0773965689714
1580.8470802209647
3143.83903486467
3259.199034209877
2148.788100236063
519.9746575666452
0.0
0.0
2234.8817782037477
1213.7039585459438
2934.033097090892
2675.36215870697
2702.853632578629
2525.495164225136
2073.1813469825042
3265.7126895055326
3214.5964713684048
2537.695645736122
2882.574890807955
3255.496515677982
