1366.3517030866406
3255.50292069857
2654.1349588937783
3254.463271218404
3204.0567038402105
0.0
741.2153629592011
561.2911408619303
3263.930722654707
1920.0430028015055
1955.1039609107347
3265.7126895055317
1494.9279397644523
0.0
661.1933158551433
3007.367030371033
1633.2132827156834
936.7078208958953
2229.2244894034966
1991.6460105950487
774.190635138264
2408.2573197258116
2812.233801340174
273.82921415088185
1065.3797621383276
2523.9517215877904
2752.459872438839
606.3902556351593
283.90944416887146
3264.8836526707764
3190.953850688698
3259.0497457292586
1724.168318740666
0.0
3262.9350832305254
1229.8249871751498
3227.8729439533763
3256.8182991866047
96.82521504421267
846.9536861406934
