3259.91136218711
2726.350324380949
0.0
2831.21190626063
3.206579108414739
632.259490069162
2304.94193038155
3248.2896651820824
624.0135657426265
3257.1841515207784
2949.9472755018364
2989.212760888995
1311.274411563272
1624.0313288729637
2575.682567749002
979.7928066195502
1413.9112802019847
501.43617752762765
1886.231512650274
3113.3019225722046
1167.4863457260865
407.97705806138146
0.0
372.0559757353155
3254.8106328099166
2088.093549512624
3216.0061438356033
3167.025672741038
0.0
1525.8991769315164
0.0
0.0
3258.611584891289
3261.04090652145
558.7448413611968
3254.4634759333994
801.7701564851224
2029.9909238648195
2425.817796390874
2166.8177412086243
