253.49888922386683
2381.442120988263
378.20909424679195
3254.4632712184048
0.0
1784.7195771465313
923.263687942095
567.3223155560253
1542.294916995218
2069.7245319404897
733.3345982587076
302.9848924122557
3256.7839495949847
8.878244520289304
948.0458100486948
79.8736811919826
108.32763072534215
250.82248129479055
0.0
1231.479983499204
456.94842446548864
3261.0139001160364
2812.774755207622
540.4502648149337
1197.9148652100812
784.9156095464864
2119.407302901078
1769.1403949213611
3263.9131448074995
3258.2725526239556
791.4137815463102
605.1751067814803
3265.7126895055326
1147.3562014001693
0.0
1808.251285993585
2527.001921361713
3259.5516940841453
3255.4484576332384
33.964723892228335
