3255.292308053159
2518.316202652454
1815.0926321960626
0.0
1925.0507393882106
2649.60462904217
1050.665905850639
2870.2413462221243
3264.449981620282
0.0
1520.452937392994
3254.4632712184048
0.0
906.4945706261802
2979.670678591665
0.0003664272107992449
3262.3917365526427
1470.5499965899512
1060.2254003555904
401.6993011218349
3184.9115161880927
1703.3982757035974
498.7077289602271
1385.5617933840595
2441.259733927662
32.01858384598709
1219.1468819780173
2300.01277127489
721.7054805836029
80.93280688779849
3256.186551911598
247.60526409875507
3265.7126895055326
3191.007203534839
664.610493953104
1982.5139733868514
4.131359489477957e-6
1392.7234363153364
1453.0504087380793
3231.0982103793312
