501.77661060584256
3255.923913410481
0.0
978.7745904447114
3221.097932098709
0.0
575.1746073466172
2470.4453457643485
2296.9293800757814
1460.7493192408533
2839.198602854858
1254.650308935541
3218.676741361446
2369.8302261715926
1400.6955828755858
2842.3967815934316
3258.8424258057853
1756.577342895458
2968.09724165424
2045.3904684725007
3242.728525535378
3256.3549645321878
0.0
2146.5527341552283
3254.463271218404
0.0
1311.058576576775
791.5319536923553
2668.637135024682
37.398193169405275
1003.500321197308
3265.7126895055317
3182.955171628821
2431.559961056476
250.14090264620944
1172.6656284442652
752.4466413677885
3179.4556178973617
2017.0937797128786
1505.6138259154995
