400.7657518517724
57.93783482507915
3256.2654975193736
2446.782996901522
2892.6689560966765
1158.527048658277
3263.4015896825263
2575.4489018317972
3259.734155262143
834.6314447126372
2181.212580571747
3255.2923080531586
0.0
1823.133063678698
2038.1942608194518
3244.4481315486137
761.3912438923635
3242.766526609055
0.0
1447.0350268815255
3254.4632712184048
0.0
0.0
1719.7330685192605
737.1949080480738
2229.66602729756
569.6638253054349
2732.76209500168
2237.959731226591
3257.7050907186344
0.0
3265.712689505531
1311.1782446171742
2071.06107264639
1430.1782091496343
1477.2959410176545
842.8105780801782
3264.764671562841
258.3574030953267
2400.8260620170327
