2922.994504636849
3141.5150261361573
2186.01959500873
0.0
3265.7126895055317
1517.5003603503753
2406.062344171734
850.632481795137
2507.94009482183
1390.698786996586
578.0699430539125
2149.315588271674
3255.754595693694
560.0280915834974
3244.840651576379
1785.2363476918226
251.03132028656785
3087.9329596092152
1636.5050628851625
1248.3520056436917
3254.4632712184048
3253.0091530863024
1211.7929545252327
1096.7779063601797
1971.54758722631
2753.387328419004
3133.2439067258524
406.4695288900849
656.2487160337157
3175.1496458028414
1427.4841513681276
2268.222233935801
59.47650285450176
0.0
0.0
2589.892669055047
2727.4189021895377
1028.534303977005
836.3499492351384
88.21209823782101
