3184.5882019861047
2760.5604290178503
0.0
1076.6324544258168
3012.9072602084825
2388.2229308039196
3248.358629153694
2899.2969117945536
3206.862533579125
144.24763905122893
3257.908813629751
687.222477204127
120.81427571682087
243.26686874735543
702.8594719225981
3255.457047192889
1292.606039739051
0.0
333.9470642515911
1854.7489673032542
851.6822078873207
0.0
1678.335092811061
1508.6705557408063
246.44444578385074
2171.8462889018106
3134.6235418392444
2518.69078226466
2224.6971294185923
3254.4632712184048
489.2359645217883
2645.594983906542
2045.516386663602
1336.6795428315472
2077.8499627341193
3265.7126895055317
2270.698495988826
2167.7775014414747
746.9777502690597
3069.0264652726582
