3256.1236594974453
3254.463271218404
1322.567514965414
325.71655463815716
3264.4182056105865
1525.4172770420053
2101.1435590572323
3262.264509087445
1646.4793725249701
805.9849921255345
2325.4169016080405
2750.8874876907366
640.6836641463326
1972.1624403992423
0.0
1338.6054909108025
1158.6501985447132
3014.6551361250745
2599.415685463833
1680.3911491105146
2854.1178414606316
2447.562359503396
480.23002555582696
3260.8407420785966
1143.2670504226644
1852.1685936833942
943.0387857346126
2423.2674614377943
0.0
0.0
3019.517886268484
3259.8059943968483
2232.289929425684
2883.153770841628
3252.912368860517
283.8424973087491
2720.3124544294114
3262.235584506445
183.55976129741396
600.3312204389672
