1127.9799938474948
2597.8449130544814
0.0
3255.4968097901933
0.0
3014.6429642456383
694.2402835450024
258.8178860938125
1043.9379805687825
0.0
2729.288376705083
3173.6817233085967
3183.249761323271
1414.7477721914959
2516.6301074224953
939.7690070891896
2906.7807123002945
308.426370048838
1761.5784707969442
2351.8861834212744
1791.9267625789953
2759.5246936577
3265.7126895055326
2102.2414087127463
1854.758471105235
1.1541533809200484
547.481633041093
1959.9982653685315
550.190259089212
0.1398190571574277
2396.653629339024
3254.4632712184048
427.06367409351276
1706.6310987845627
3261.6537195629307
1634.7619726346954
1506.297544890153
1236.9473614315996
82.26027642605354
3246.406151833182
