373.3373108252084
5482.443148835529
429.87020065820036
2920.3440616342323
3130.2904906065296
527.5887763988744
2758.655882960884
1944.0781657222203
998.1342793893302
2779.3970047924354
574.6889874393062
1511.5101490317188
3392.8906618984756
19.688700857996658
4274.371004956081
1143.4261115837505
562.8330812408763
3436.6671442137363
1588.4950440533223
546.5382620850712
5242.035564637395
178.91476703659595
5891.928274804464
866.2427469314557
2158.2438777475627
1563.7669025614232
5413.997234912077
4476.498384432687
3903.4404057782235
4142.642603182103
2393.6027248804094
2747.7763814085097
1738.9472981491087
1681.7930917870353
3893.3502618475313
485.36779146331077
255.30077661814715
5168.156091276397
209.27213006554598
745.9412507210697
5023.87588197767
5646.457112686114
1300.2927478223537
822.0958259388664
5508.336185630813
1799.212846784404
3934.575887597098
109.51210801175505
5075.289224193795
144.14249184418384
4504.791957016407
5754.096057449833
4460.066326890501
1664.243660292167
3230.7367389160945
2288.252535185216
2464.598745041157
676.3716525263769
1509.9950354777147
5971.812757374745
76.8587711711815
429.219591930455
147.05924472778102
2649.360500514417
1039.650404461723
3423.1850972991083
325.1536881513169
5444.413565148485
3089.6237117249175
3381.0064554215005
4768.980311431068
5384.245898498379
4933.999991837438
3866.3904841069652
4862.75669165455
3617.397940750022
3751.7007894112776
478.3902928275799
5522.494056412402
2368.4682263565564
