3770.914468278904
1983.1169563270169
431.9028097424817
2499.2372811486935
5756.813043249267
4876.251985468143
3468.674190300376
2052.651678016726
5054.06520014128
80.07982895099785
4895.981684376692
2347.930021636316
2516.920575958107
2037.7466596145891
5554.991227333932
1767.9577218646282
3004.0195779326673
1861.9502839340034
53.24177753150843
4441.368786317621
1148.4059587426495
3226.9322744737783
833.885643203577
1428.2429156224962
521.6644356295852
192.77182625496297
478.36286873833507
5718.295300183453
3648.199052045093
289.4868900975505
385.94090103996905
4141.994853267503
3219.293144980074
3315.830156843554
5880.423391244487
2395.75135768873
3836.6863762106013
2884.1138748538883
5971.812757374745
3774.539492127762
4559.681439095278
790.7389269585974
3940.8219403979506
4349.3583050019615
4667.868152626812
1090.7971553590492
239.92678126828366
3816.698767058631
4151.503349396481
520.3195285775815
150.83417774569477
3013.680743607947
562.8330812408763
1431.76971103885
4956.28640707004
1662.2190036845643
2256.9410393405155
5700.217837144201
3318.336194387837
4558.233329808176
4821.221486579421
114.64545350227067
3752.2260343830544
1170.158524225828
4289.7831309391095
5836.710463118729
2852.505742119215
333.2273464341818
2688.895036889133
5413.997234912078
3211.0622717842994
5321.089064391714
5444.413565148485
19.688700857996672
1237.5756258182628
3353.9186979526457
2426.4379131500277
5176.678344894134
2347.8281412887573
5624.487177305286
