2869.8059082821655
3252.640701208113
2281.1281902486644
3733.1495737047035
2939.163731900415
4947.240663858027
5121.366631867103
830.1810606901387
5791.9485809424905
1548.8293484075307
5413.997234912078
431.63322627405904
78.74233945618819
1210.9086179677165
5020.126636599863
426.079779258909
781.141878213652
1957.4256438314208
5877.536416474752
564.9836391087719
2848.675888927692
5545.028670629344
471.31914100451274
2347.286515393774
282.1887429300279
562.8330812408761
179.42783676294778
2478.6357092217822
138.1619177905304
4396.488764180855
3319.506236594423
2453.280843614103
108.26915875528398
2024.635861149329
1309.7879968499624
5734.136186269907
397.0764724321069
5524.609967246144
4213.083144326058
5610.558996806138
4213.764594512608
49.21552015709242
352.5505389279149
5136.624374254639
5971.812757374745
4345.213129733145
5496.099240509939
3620.4841312895855
3059.0014489681203
1337.1287851663556
199.961733582705
2905.9589995606466
533.3062619417806
3940.0108959639956
2204.3071468616104
4826.088541889969
4503.80327474985
668.906332004466
3299.371246287606
503.7793591191554
19.688700857996672
4972.672839547101
983.7000908550214
1761.1267180891118
1154.055273172722
1670.594882465008
3142.4504309663303
1681.5182719195093
630.0609657147909
4024.248050453827
4095.2067732270866
1726.9656139137414
2236.447000390356
5228.519110425106
3868.6957178895373
5228.759260763012
5090.7871802696345
5934.254449822936
5429.198434063869
3735.4870704333453
