4983.164244161584
5557.854647510957
605.9733984216784
563.754124871515
477.155664530684
5698.743972639717
2699.488018103579
2627.596662971448
4463.130103357693
3544.478168677024
3010.262086078952
471.5277637958719
4839.403338562208
833.9148198193254
60.70064797592706
887.8912983058203
668.5018961859777
5614.223864471705
5119.980476327406
2323.7629787809637
2141.272961307205
5871.882129201649
4832.846486635741
3851.1138250763943
1406.0844377529136
1321.290060967024
2853.7119035995474
2544.2279584344005
781.5636660053433
1262.7451320874086
4675.449021006924
940.7348503648724
5391.577514492776
562.8330812408763
1919.2135320465509
5971.812757374745
2335.744915266611
1971.255498869752
4072.9442320397106
3279.0194375290002
841.7874481784484
193.60495513874446
4565.895715654802
229.31919376251042
5781.670902657871
4955.868955816543
4721.933065951636
1368.9730428670305
154.97517213299682
5823.573325826939
5739.457388228182
5145.095666065335
3835.982400005355
4406.44798274513
5480.1466105943255
4053.674285543909
3409.548589863377
1942.0251756524235
5920.727925347884
312.9849608951545
19.688700857996608
3043.326006315583
3241.1899507402222
355.49910377971446
2520.499984221086
1872.0778898213055
5541.125759882563
523.7524554355151
629.2533640221856
2829.2229505079667
2865.2575880642144
5186.975598944806
3977.084250788328
4989.682926853601
393.04823894979893
2049.0881766170705
4032.592703551827
5413.997234912077
3654.8532488673945
1467.6094122144068
