817.1535801792863
4444.8021291157065
5901.426029189872
5525.18089942591
1256.5754872641367
3716.3556706682243
2139.428233721391
189.99124348355892
508.19816747616824
974.5504560620701
5764.716928307158
1364.6968893255344
2770.3037837986226
4646.847594226289
3587.4557973007945
3569.065965846475
474.5703121829758
5940.039249681055
1337.3366280081227
673.7051398169165
2320.6286878100486
2703.2378908449596
562.8330812408763
2430.673189714081
1856.3841145536026
3206.6928930122026
4361.992545531826
5813.70870890808
2886.9972330021615
2015.3622068029188
3384.3281731500947
323.1606582274878
5493.523576806567
5544.645984854392
149.27885379830548
5451.221173885089
5858.629795226272
5020.169274343428
229.79909119340198
5612.092001925619
2852.4981121354476
5647.634229145501
1231.2439850526102
5034.801942325267
2024.9669371971795
2583.9952464618723
3527.3805411296134
3555.982110460963
3055.200035188784
5447.143392510139
285.21163157718956
1466.7344559809144
2938.7857292661884
425.7911141824363
4309.950515800091
1597.5804317211262
78.7423394561882
5413.997234912077
5971.812757374745
112.8909142596656
5032.461374219578
4097.883578283187
2591.89062442038
19.688700857996647
3532.1647365549193
1929.8725444931079
4999.416059984561
49.21552015709242
5133.736571906275
4499.7020063720865
4835.358034250258
5700.875094447747
4031.2020694346297
5243.163005245177
786.5996735049522
5055.688249117714
1923.7507023477704
1302.0766250532827
4361.438637235267
4201.451167609959
