187.17015226040843
300.673698027034
3125.943407546938
1117.7794570300487
346.4848051363577
3099.8023993404977
5892.597728434937
138.4709615320354
5516.1858749020685
5413.997234912077
5239.642130583229
4521.609748188792
533.3062619417806
1638.7205109850038
5655.121947425646
429.33956702375133
522.9822474595006
303.7724482375689
4255.687162233123
1551.5399725380994
3003.429145054579
3071.9846866015173
5394.420130117073
4899.90094836331
980.0447954029373
2361.61731282395
5680.945797483064
2367.7110611716357
2646.4600669107977
5741.98089300537
2889.04350610614
5586.714406535279
393.32604422305997
4096.816373155861
1728.1699947969441
1157.0653443069764
1937.6757975383011
4845.120695703251
1514.8261984043895
5452.4087786335895
5631.621619665977
838.0230389407632
1995.9174671527771
1726.2405123144017
3370.235190615776
5178.133706895455
91.01570013823375
49.21552015709241
1256.2201392964664
681.6838308018897
2265.7666092257755
562.8330812408761
679.3572735253798
3631.973598927982
3307.7782343013337
2627.4372037341554
521.1283295505915
5820.415574598617
3808.1426577830744
432.6568106928318
3370.1810229204925
4629.073616600343
1824.068725786159
4683.264698490903
213.87960147761933
5098.45397498411
2019.1906236737375
3036.6407665519955
4601.2586512499865
603.0362847343455
154.82913063426932
3905.2165002414836
4443.0010240626725
2259.2781583637675
251.04474595093097
3212.734693278298
19.688700857996608
3645.5311381962238
5971.812757374745
5232.658233905278
