5714.960554368749
79.08412616830682
469.4881346795086
1207.0245325164028
5056.567014362965
562.8330812408763
5413.997234912077
2779.7846170143994
5654.506805470777
2852.494135271889
433.53099249675586
3991.9794900431343
49.21552015709242
380.543727612999
5778.70856924652
2442.902674724667
3458.5826626475564
5480.250073409119
2687.620623254584
1219.9262262278805
5580.737759559334
2243.175461104382
5971.812757374745
420.84805445520567
1209.4372504894213
2137.7711283199787
758.7418767892406
4566.202128614383
4768.474392488895
2686.2168731916568
3135.3760133987635
1228.2497256595623
5917.68397893034
2017.3802593512803
3655.699999356324
3566.394184069772
339.8047890132922
515.4295059186701
19.688700857996665
787.6606922276484
300.8620049941491
1154.7394965658525
1492.0817521481001
1233.883783783671
541.7585339458562
4636.993752258994
4507.162527015622
4963.402202826736
5532.540215131147
4688.2250494815025
4544.5564293564075
260.14173003611546
2250.5440972317297
1768.6698762334195
145.55169181932723
4110.395132025955
1848.3576538163666
4334.78366146125
3470.7910854911443
4920.556075207554
5021.6261748054585
1174.5143892491544
181.67616006026316
2600.4127545658885
3471.363379104986
112.1944004212595
4837.612141584792
3861.633457752423
3270.028765423125
513.7283094315706
3092.7399498885934
1677.645599385768
5867.99326961549
1272.1000191283374
5450.438933214515
5310.9712450003735
5145.302332120926
309.5087879587237
4509.230738130049
3457.031427842997
