4908.5433058644785
362.4079359312074
282.18521050832834
1230.9316318460906
175.7954625683939
2675.6653743797406
464.6454889191382
5875.252209397836
2340.87263712183
5822.9483783735795
5574.4548820240925
503.04060885307683
4889.65660563153
5034.941860859446
1221.6027875031386
654.9958108367679
80.99542918114572
1176.0458624956439
3253.754385015964
4088.8456977817123
4029.728309443103
5537.395475066059
2166.1606833730452
3237.265603875198
19.68870085799669
1868.4262252041967
4011.9294736298702
4701.738745190272
3946.5702728653064
2758.148882439874
918.88810480809
50.01843082018202
2685.081140582888
3227.636248396585
124.64830643630134
3666.3715666348044
2346.958615650778
3972.6200410528627
772.5985344694236
420.1402187206991
243.9871865703651
3391.124321153027
562.8330812408763
4685.684959623719
533.3062619417806
5413.997234912078
3295.008163838127
1815.4653781008708
4827.294684516589
5646.743856270721
2979.3142376413284
5193.877924735394
2962.108865538592
1634.2907546850481
5497.2560776239425
3787.2831202375855
5441.958380127761
4932.487684366469
1837.2405373881622
3921.423864678541
1777.4895350705906
5779.358884289713
303.9840235395361
513.8525025418899
1001.2694757462391
497.8375270950544
3188.1361406342535
2394.162200510444
2474.872308433699
3806.5584748904625
5387.59174670749
1809.251520456496
4329.710731752019
4791.1454392711275
1474.4181220537748
5971.812757374745
2407.7665896155995
5924.386831483538
2551.013564653196
5735.59705234291
