3486.8246964717073
3147.7370404038224
19.68870085799668
196.94802625288534
5705.822315642301
2283.444841926266
262.0239600851878
3945.46004097315
533.3062619417806
5122.180211077749
5119.590061262687
3076.274187193856
4455.173665071644
3743.1595054374393
1591.8656844307652
3449.8886930892522
562.8330812408761
1814.6069274060405
2361.3761574886767
5538.439958180307
4516.102607473435
2239.675650411064
1785.0705603508263
5971.812757374745
341.90590837764455
780.062178748176
5460.960469379826
4486.7225753506
2440.243790456371
5583.281415481619
5622.82591471604
2145.0456456088295
1678.0733450555222
831.0395757794336
5181.521910756772
503.7794426426848
2808.838656298197
1415.723885156901
608.0425425180297
4506.537614202047
3171.888280126886
2161.9958842116794
3249.038945948751
5028.1176780819
1041.602950338844
3403.7870394819656
1392.1403511188705
425.17506549205234
3494.463277784808
317.15001501409813
517.688736272506
787.2392295586188
4328.6895062489
5828.733905583815
930.9190550971055
4614.463556031712
3746.4877614835154
1275.0525257250713
2128.0763046059737
244.24302494623305
671.3210089361263
1563.9192343630239
5413.997234912077
4527.491264425417
2567.6795289197576
2474.964509700953
5728.326965408833
246.636479766407
272.4887008579967
2937.030537091628
3507.274708148441
1584.8750336905832
475.2824490677264
884.8085569460118
2996.2832534768354
2649.210081884861
4355.721687729919
5506.539777060171
4129.461125058607
4667.985985532852
