3302.9261690988014
1571.4809597336248
5063.413119910456
1786.4563170063375
942.5508662562743
414.3085806287075
5515.712492692378
4907.896677909217
1227.3257757833758
2891.735987440977
4205.929606385473
5154.483042900482
113.47186656255056
896.3209328883585
511.37383171413387
4298.618056212836
2448.75656627286
1532.8668932308024
4113.438315111313
467.1245900151224
5751.736878448257
5884.397359217981
2649.2762406963952
5971.812757374745
1884.208945279195
1461.0311940745796
204.25677668128228
143.38843891092415
5519.285844012071
3690.6082476197803
284.87436943827777
5679.2067403074
761.8686318156253
3391.4324348386117
2192.236436946205
3024.4131420659887
4300.5109427654825
2363.988068542247
1957.34358705764
5310.118839295083
4987.591284657397
3268.9518378202824
352.11053005995944
2149.2216291300074
2635.9324227011116
1894.0566955537136
2893.4463568611072
1311.9899222290062
3188.36349309137
667.4486033950199
449.7778086441906
1814.597462285378
4516.993240324407
5937.027611464978
3474.60489823033
2522.21622717245
4807.336935874553
3490.676521294691
4274.04192566347
5075.640962337824
5651.725749502325
5197.889909524006
78.74233945618819
5810.783360132835
3804.0860941399687
4302.955653076083
49.21552015709241
19.688700857996682
5413.997234912078
4368.8368786801875
1310.580502195908
795.0905364598004
4695.346306405955
4384.030423265767
479.63816903432837
562.8330812408761
3634.4987529280897
2812.7571606702527
3204.979476976807
1817.0291679729473
