4854.736037546061
514.6301650943351
3910.9420071705817
4634.440001285773
2008.5144578673476
4969.025002211066
1399.0658845379667
458.3390321281571
4108.884110398887
5171.49629399697
3255.4270217481635
2625.2240841055027
1080.9390642758058
2089.0625544358286
4021.8013743305123
5467.295448429968
2071.5522500786997
81.04184724250939
880.8150316317766
19.68870085799663
392.70317857970633
5858.794596012709
4470.464588454687
5971.812757374745
3791.8692425104828
1134.5421240307887
201.6659553419164
1664.4422710050367
230.82166765391997
309.44914718433614
5214.519491531659
362.2859620022987
5583.023570419077
206.18062284051803
351.6231622131864
639.3448874592145
1540.0420646232824
5269.328011450576
3189.247927702886
3770.1044349145764
2809.545909171748
331.0488706559379
1264.8032771819185
3732.4285884586307
4143.106706403831
802.9098998291838
3203.1574658540712
264.267590775525
1022.0186970307344
1558.4451972339398
2291.3026087046974
846.6385221518267
3250.776452344273
2500.673253974433
5918.748131738247
5130.88514405485
3389.3691975029988
5496.524776482943
2256.40546119769
5504.369928268983
1704.9070763678865
3490.232467031675
2848.501784085518
49.21552015709245
4357.288456390268
4868.9224508347725
5642.875230540122
3579.286998778659
562.8330812408763
4544.764906712211
190.4046727539404
2973.80554583162
1861.6547695966735
947.2485322509667
5147.481537752825
2968.334654721183
5413.997234912077
5756.396812775014
1348.3221125258287
4934.050428819652
