3724.416828901481
4772.8457212397625
4936.870932724274
5261.364497040835
5413.997234912078
3512.5738683237428
4093.975117608752
444.66676319390393
5971.812757374745
562.8330812408761
4554.242464138662
2633.914716393176
304.6233305150969
1590.853065619624
2904.621071494981
3412.8169313369153
2820.582964801433
84.69199758523933
5533.875770842477
4125.730391111581
394.64304153985915
286.7829586313035
4195.085913780351
862.8026560158344
207.84382854016349
1237.8496879043137
785.0498667131177
2484.505499925413
2962.365742626467
3262.596455220204
2785.1411319274666
4023.8442217216193
5156.066761359043
1775.7129131831985
1277.676672562753
5220.093176773926
1300.2445130562996
1445.193661657024
476.34107997664756
1266.380697989295
5749.691225627094
4451.217206816878
953.9347621253074
344.01623363546065
1971.389661628556
3565.004973240982
2917.61452193457
19.688700857996672
5390.065612619529
4134.510791895422
354.7455646990253
1740.8384852888978
1830.09676682618
5887.421941113124
3766.9832517239483
5330.48365005343
481.8279667641659
2841.9609998358283
680.9370904776426
4309.708120497893
4686.403184359928
5579.630705574874
2501.6880208053394
674.1629020943776
525.8516605859263
2246.967316893574
1847.9686692120836
5822.328636955462
1121.2861797573028
2575.4930918876507
4564.494913617526
3630.0744145080557
3655.6793133256924
3942.9476978351045
151.2016222010895
5088.532324251853
4693.049205242481
2025.3518397893993
4845.492692886747
290.64850546350885
