3860.4782137393754
3777.4617084186275
3249.9825280377863
2870.1961485774273
5590.798931682071
3549.083907873776
323.91344989430144
111.83910697917929
4424.638135449997
3170.603760022241
1333.8536197521944
1283.2640431378982
430.52766031726884
905.7046578377285
1505.547974788698
2107.954887726401
1532.0570889589962
2700.028369513655
631.0639380181716
4598.759691281087
847.8106726478022
5134.729364747927
1043.9634916520604
4145.139442313297
3576.850988094066
4868.739311488417
3331.990006011529
2947.836462042523
5291.114412119394
5694.888892702402
454.7936518735056
1817.0950956997774
1324.7593645914121
2141.134853117216
644.0685891114497
4576.853191720046
2042.5035223976888
2504.3283033611324
5971.812757374745
4362.766319978721
496.0821445403405
2233.5136301851976
5508.472286873638
211.50160941878224
2922.6547408868623
399.292378179597
3607.0511311359214
4434.151067302307
19.688700857996682
417.42199948339737
152.32616684061975
562.8330812408763
2351.1873284850876
2855.471226603586
434.5335437903355
1884.5883939641774
4429.798067113162
4753.661091362814
5413.997234912078
1261.3043406094253
5440.80068004988
5889.473843189621
3277.5165087739792
576.0306056742929
263.97149672737885
4770.954556547972
5800.2851333806375
50.455717365763945
2555.8119949501865
2714.368875433255
5450.846338616516
4938.788421911877
1157.4033865575502
3595.093188631605
79.98253666485972
1705.4796836317098
4453.9553709400825
4537.766028013244
3976.5775292492976
3524.9981724776308
