5013.393847181224
4051.291645765068
2943.754090840159
49.21552015709246
5723.744276719261
187.09471182824416
463.5925666039697
4516.457867719717
5716.3440152657895
3281.9988129485346
79.190677909542
114.8326296097779
19.68870085799668
152.2003248799938
1642.7573698556578
3427.9171647639573
562.8330812408761
2926.008943548207
5543.699872975448
1588.8939971945038
1750.4469732817083
4561.405897178821
5505.560628989334
689.4499902228492
5590.334005572529
1304.0397343123275
3962.58556592197
5681.326418702509
5806.748476283246
781.9030105926776
2839.155748115769
5413.997234912077
2455.4559504241015
5671.266031691386
2291.57744278271
2881.2976938525826
418.53563014298396
3118.1790129058845
4304.008800575934
4024.0502869534907
5761.81739992267
4747.2239459055245
2208.9724182708765
5444.413565148485
1016.9476190650681
517.7628347117352
2196.6427491454024
3942.503845058916
5812.683246623738
3577.6330226040996
534.0261300148996
4555.310483965618
4950.8120579130255
336.12555430061695
4095.275063287959
4569.699148811975
1492.9193304290206
1843.6532004099536
5081.766654805011
3778.9066027384347
1031.3622625978765
282.7035766752197
3434.043635423167
2565.48242555667
4000.796176137039
390.37697225243926
233.86531656226296
5786.3045203210895
5632.923579699064
1793.6573749696756
981.9613201027048
2866.2472364421296
5474.829895384893
799.7941393950755
4985.66161877437
5971.812757374745
1748.7731461980309
5009.401733289213
3413.311482754646
2381.29337539406
