1473.0631162713064
442.4172509708223
1948.4720416521527
5444.583175628649
3601.8784401066773
3006.5982728179665
5616.429574467187
5262.750810909406
4589.8336706039145
4634.75519057159
4094.535096775494
3674.1914929001787
1821.265939541486
384.0570958754522
2429.1588976056464
2300.613064442824
327.62567762120796
218.88193637036812
3155.8136898545085
5215.252661109443
1553.2482157315303
3848.004093298955
5012.5242098011
2498.5798216200083
1079.0689358400173
5032.163599722319
92.27837416200143
2272.315648901037
5649.594999677738
2826.3662455685044
2888.0037428043447
562.8330812408763
925.507441298784
841.8743397204794
694.5072540562284
4301.208530017791
2097.817433882978
1172.9752549505376
3464.827318913901
5512.398070538288
4145.530160894906
2248.4722646072764
499.6509567775429
5579.712354504076
2375.381821318161
2574.165964114693
3342.9948677067587
3074.635113756742
1745.474121479619
4075.8604949304
5421.955829339605
1783.6923805190418
5413.997234912078
123.60378060662178
758.9133493773387
3257.769321034669
4281.73788198603
5112.61922860953
1342.7869694793728
4224.981125252588
2277.3660358275397
5758.679092655853
19.68870085799664
162.20537230332553
2334.2163946044675
5697.669204637872
5692.38656716964
5730.530625676321
2901.7522296846155
1886.956074142733
4845.250415625336
453.56963871592404
280.5694816195769
49.2592788289885
5819.017454581506
2334.5264242149215
2944.558937190597
1746.27890446543
5477.18220341199
4560.794880770991
