2261.914655410331
5936.820258881615
4759.054673863839
3507.796995038678
3919.2197848383826
1643.753766987976
5188.832196319325
5971.812757374745
4855.0878795004055
1332.70873880531
887.9607457096704
3534.2881149844056
2020.7021834423308
318.9484119735821
5797.1262430376
666.2138407095272
5487.993998371067
712.7062743461724
2819.195437350514
2708.8998593302395
4151.335568042647
5263.046939042273
3268.7529739222596
2878.683773308281
1843.1316680451835
1774.249035153525
5706.783653881776
3095.952586149205
1911.9619865435013
4135.735754465371
410.35115384537096
472.7504988652536
562.8330812408761
343.05555063666446
4385.488829302454
5530.41488383449
2853.387658477108
2827.9382065141735
5863.656940098441
4884.780559854989
3505.547388717971
3439.56538265359
248.06351293716887
1107.4712801318688
4960.628150158409
3442.242409979329
1811.1264407487622
4574.932638412935
271.2963039977806
2220.143931142998
178.5397812959043
4692.560229126523
3636.112100828278
4707.719799018329
5446.313103204762
3170.9281292773157
2823.423245291712
5449.271737616359
452.4483235960983
4296.432823159983
19.688700857996643
1552.3389866867055
4556.563273310392
1401.42129565976
4427.579361425184
811.2476432233757
2886.7289301972496
948.4761514112512
1163.4552127606594
3898.3307441377337
94.59280167361914
504.5113035995939
4811.283697275638
5585.173553183767
3755.776994672601
5413.997234912078
4646.906189415385
3322.350521671121
5027.507156077079
2131.737898650276
