3302.762927988507
3312.6018139807047
4965.408049223525
5491.423849849899
179.92864905018422
150.65645038908735
5714.180034134974
2996.6493908289244
3862.327007880785
5200.836314656245
5670.028697701706
1522.9144294679963
5634.456374188557
5742.983697173012
5915.442025496457
569.7742979142063
1076.4093092043956
511.53797227524484
3442.303463374503
2380.5623955341316
2882.207193331987
19.688700857996658
4303.891019054458
2485.794760380493
5971.812757374745
290.9049251712813
3375.8604236483275
88.77537095859084
2626.348606938858
843.9301524051394
2008.12555574985
4217.093848746905
3413.0599817327334
3391.8836207056356
2006.5833628742507
1147.9665495712015
829.9349337223766
562.8330812408763
551.0393328032378
4147.131097483822
2986.002997151989
247.0351562464212
5839.085392789539
211.20802248317563
1893.8518701308851
5781.020462363272
4789.595564768395
5413.997234912078
4796.409213953333
2331.825363934333
4176.941387807584
58.08101212733446
2200.3268840764285
4314.200962440036
1488.240810104383
5143.534482931055
3909.7121121336777
1916.6308609581333
946.6827089449224
3708.6399824137825
5447.429766042837
300.00774261139645
5556.597796875517
120.1077149836672
1344.0896263410605
3094.685444838469
354.7173448357507
1284.9736577763251
4576.636642759337
5581.081451000305
4993.627390799385
1730.7840568055758
3567.6655416341073
4417.5684702428925
5578.851099050939
3777.9001342661422
682.4073535454102
462.4700504991136
5530.790493754016
2823.893944599418
