3670.911483021543
571.0093674358261
4822.319897975193
1367.1392716964583
5824.332259776269
452.43112763456566
1941.760577467577
1467.2103347601499
2198.7902146062665
155.86576143802395
5413.997234912078
4006.6979839863698
311.09930477422523
1888.5693347946892
1576.8372621052736
4161.561766555095
4613.234244041244
996.1154644660024
5195.683820360513
2207.5026357751062
2826.1849710389192
3796.840195713002
49.30980524007083
5185.8568051749
865.4135093861561
3275.9022369549857
1152.289267648622
2801.9614493240188
1269.91500257154
2392.1119243863186
4715.209580859198
4494.120605555134
5325.797310284801
2846.21775269507
2371.529008373881
5971.812757374745
3468.404303317475
88.02278223883562
3832.591224470065
4555.84492002938
943.2608336149358
5593.458205645464
251.62111199828772
5052.959246801316
2546.694122208152
408.2103747210261
3363.460724611673
1438.3144502201876
707.6290587075443
5602.612617335734
1787.665418455253
429.6754327309492
387.59812366636737
5450.312003154457
19.68870085799669
3037.4140612021943
5496.0171358899615
5466.0029686472535
4208.293156021225
4027.084618098974
5906.268549764536
5546.092618982397
5647.684432229382
335.31504775034415
3470.7824698389695
562.8330812408761
3929.966941693223
4905.110056510257
2846.6904600308976
2136.5859851093815
3150.0493929754293
240.31359219668107
2389.1475847628885
491.2469193683564
3668.2165860031564
1878.6226474742994
5718.720442467831
712.8179850748265
2074.6775998439102
3008.185519423885
