3141.3391946638667
1831.7814704690063
5593.63667560791
2216.4784382032367
1813.3900328106329
5971.812757374745
1303.2487903063472
5261.390827972391
388.37945195479875
1622.6785182015128
4991.171837222148
3098.3745071846324
5444.413565148485
1165.5450437947115
5429.943513975237
681.9278713818494
3532.0561736591158
1709.715516611226
2582.1034987974604
3873.3299862102895
362.1416588945786
5052.95660276154
5266.496792360267
2402.3012152253314
4621.370663366519
516.0196210963993
2782.070467953729
314.280568130505
675.6724659175243
3518.636370690833
19.688700857996682
3688.7342637131114
5919.317841499586
2010.8431639203504
4489.642523836959
429.77589686265526
272.08683355691517
2723.2768346026305
820.1941393738491
4385.638157897478
73.91125955756958
1367.847730793258
3778.5397774482035
1087.7386241492459
2934.8338656919805
3886.2320872456403
5147.026823950168
5413.997234912078
2582.1689643003974
2904.131288816092
2348.4507274020684
819.6320749019528
4639.660645317635
5575.35440178671
4310.510453423795
5767.895561970544
2524.6576353470628
1515.7865382616376
3336.7622948780486
1569.6722019894246
1992.6793537043063
5513.899628632916
5477.225729529544
2563.7239690953998
1285.7893912983482
3004.8524265712103
4836.889851971517
1378.5658368817567
149.444869277923
4644.662237223105
881.6522530560483
4637.836538857073
109.72369942455636
3638.6421836307413
3279.0552559118255
4555.759047770344
534.9478762016399
5680.086874447824
4112.340245593395
1565.8926681773314
