85.0602429916164
1150.0234673162468
5202.556953152334
530.0795056440818
3192.254730805475
3882.8775888092696
3478.0130589729465
2687.8404420172064
2707.888434975742
3099.010642997957
4790.608429551201
135.06541136187414
5787.97166317052
5693.1301280981415
946.1620491961833
387.6752768437678
19.688700857996633
4482.039383804784
3387.1908634540723
300.59116642186746
5495.377583019783
1410.7632239711868
562.8330812408761
2589.027539092338
3608.781955888491
5075.737409146373
611.4251986391885
5971.812757374745
460.1796017936237
3930.7616936403183
1844.108452592218
2866.945073779211
2068.444806404677
212.04343174047995
3626.432152668662
2974.177506058775
2191.536959519346
51.57874045940123
2560.3992675096833
3506.5768471751066
5632.383422636154
4975.619538483483
4051.6600662442606
1518.3329903576046
3856.0946496989036
1260.989119643655
5413.997234912078
5188.177579134237
2228.706867011216
3342.41497486984
2403.7391885532184
777.0113835262679
248.92491533193834
426.10929534206656
5204.467028825289
786.8288353201258
2282.4586876476124
3953.903987298813
5477.148111049232
495.3609934872261
5432.377619346736
2693.7566590943793
4673.81344572682
4760.135325671133
1717.144065526143
177.1018165726138
5886.852353114841
1495.986758267262
5466.831709136099
348.8733569826729
2078.4479589608477
2379.424781257499
4642.648838831529
2557.761652513854
697.9064813379791
4279.669356176953
1917.8959506016763
5535.999190467679
5276.272837736366
5576.122424786373
