1373.4590818125127
5971.812757374745
5601.235965579341
1629.0863220518154
1683.7090962224456
5846.187453513088
4990.002990894719
775.10514639084
5469.466757791206
399.6893426843818
273.17840406708956
3211.9388882658773
5935.5452295606865
5066.53682671694
5794.353099812028
3140.18881653951
1132.0703781743825
5413.997234912078
2782.910507435301
184.0958353713158
2142.930605492779
3228.6291202052785
5543.344000661477
3322.036101001513
127.38158845444127
533.3062619417806
2978.316916340877
1365.6884886114906
4816.071241782512
3540.2495556807635
1778.0001292532947
4502.294751039003
354.05786778179385
5308.813845779406
562.8330812408761
903.6316059972104
4860.885862493182
2496.373180337883
3824.866063557304
478.90421424568217
614.4230373613202
2045.758419503519
2317.706055515862
4888.121440015215
226.1801362252852
3409.8376634270157
1505.4823464716035
4360.279150857009
501.3574670112374
1190.1990356088195
5692.875964875385
440.1463347219664
473.7601349451817
1954.2882069046054
4631.751376462511
3690.8069612353665
4721.246274557984
4301.768488533181
3766.9893044216155
19.68870085799662
3678.8198868556146
1301.6718757622832
92.97022185123579
2357.631613599963
5533.922474530738
1446.4904895327288
506.7654514317497
4096.259641023761
717.9229861625729
2954.2570127806944
1430.2974359636623
56.712798835492805
4180.2187923779775
2532.9079002228273
310.0177436618714
4793.1049203069
5889.4785500101425
980.5548733140733
5202.985592240885
1866.9505940738245
