2056.760175402318
19.688700857996697
5371.730503851712
3209.1249900776584
869.3931169943368
353.5131427757831
2433.5047748003453
3586.790873013449
4630.800214346198
1699.5588308614479
500.94068452600345
4552.079206952865
1680.085963579152
4342.100348191523
5585.793421979383
4103.3451936006995
1949.7159532955882
3339.1980627787652
4275.055347679949
108.26915875528398
3256.1819652232816
5413.997234912077
4919.322843860405
2003.0952420884469
4867.238725298684
2699.2383663738133
966.1956011963425
5971.812757374745
437.46849128232975
78.74233945618816
5524.8404051550815
1423.1532129717739
5741.786882365818
3283.119335352152
5661.968444535049
562.8330812408763
1775.0980437134033
1600.5244347717744
4267.506397160343
2676.277767881998
2672.6875683813732
183.88754041325367
2059.899508348863
2679.693981043176
4830.91684075027
3802.5697429164793
1211.90714191191
3659.5179142121397
2944.417166379132
1441.8571834416114
1135.0334960721548
5852.762530048463
5080.80461326594
1645.628075273532
4250.776562768263
910.2018790369482
5206.1708582833035
1881.9643466735872
4381.014224825023
277.2154566626687
3245.66259668572
144.26265848970394
3479.482880703991
3977.0895919411787
4201.4629129217265
2724.7843908806717
2677.8518689080424
5378.035247915379
4156.718758973163
5444.413565148485
1062.8576826483022
2615.069771632242
376.411065087971
517.0395570818991
4457.0174524899785
685.9529087580966
225.57729257675376
4219.626529491951
5799.453351673819
49.21552015709245
