167.2087199132174
496.17000840799153
4151.49828948975
1926.800496081748
373.57813350067454
5485.116580255563
4308.696639212219
2462.200151133516
1216.5820092316594
2236.4799773006594
296.7057902420482
3469.246760076051
2549.5867077964785
2738.1674616895607
5971.812757374745
4220.447367991252
5874.106997746157
5444.413565148485
1967.42530411851
5548.563980726769
5626.00435664781
19.688700857996697
4760.6756018135075
5781.4261832435795
2518.8451392587335
3214.76942587598
1834.9861544233286
3572.264818550168
1314.4871940012927
4300.628647962211
4749.203294380304
314.2722212905055
4655.8512844077195
5531.9008184868
5413.997234912078
1150.3243733430006
1040.7514431710795
2675.9001314658217
4320.250109041225
2343.6813691024918
3241.5229154180047
954.7934167807337
4215.737388655774
562.8330812408761
1998.3489331476378
487.46196507709783
407.972230527412
3021.0598442722953
352.5868940290772
3261.1970536275385
2911.567050673829
453.70150482067356
5596.779298932828
3434.336544299031
4659.0201018085245
4584.5212830659975
1917.837936578335
4175.425390433191
3594.3005377103823
2995.4800792527976
3695.5417150551903
5194.541180428339
1225.69639092003
1714.9020796041368
966.9912415799549
816.9621698316232
5580.180530666525
5469.834608678111
3915.421463344794
1315.0679265351696
4970.972415421163
2266.3960188357923
5072.167130817823
5618.382696320836
81.18548837600905
428.95544737338497
4432.92455166714
5696.146141530451
4332.221128082633
1319.0338468220993
