5837.683368988592
4059.0070429650773
3720.993984872705
3543.1359336349933
4058.999442234849
3134.924555503958
2029.3671534517773
2548.4517384797073
5720.943328937159
1532.0310327483448
4037.8316799431304
5941.396427138338
1623.5591905187746
1486.3495241129087
4740.213214442524
4581.12325394911
5788.797613802861
4983.101534374076
122.99313334369137
4744.519345612177
562.8330812408761
245.7043664254672
4804.0175339986645
5581.535544633815
275.7631259473551
2126.3515274961514
2778.5028743937214
453.38660887390523
756.4783539439871
917.38461938302
2376.332194951141
1633.9129328909073
969.1421681576035
1964.8243798330816
5875.283265628452
831.0229344711695
1663.6407696449007
1207.9960473400274
5100.680690719918
2350.2940171425244
925.6564676684982
5669.352705432847
3257.136016338061
5909.86753369954
927.5965131999897
4259.245920272482
85.49377432905507
165.60275587659564
1255.6670470482916
3979.694917729079
5527.297521855139
3337.5949825593725
1992.1306207047814
5971.812757374745
5413.997234912077
2592.6221378411956
1698.5068629790662
313.91933770289774
591.7582410719364
401.9993324406551
2883.5089583436725
5333.748053220353
1359.1030039440634
207.34438197457078
1676.9854905639702
2484.691606678312
2768.00535118288
1091.3657074455523
357.048715571102
5259.555454659732
5462.939694616526
2766.9542693422572
272.48870085799666
54.97109040599401
2346.444330826514
19.68870085799666
478.2071638999166
4149.072007692012
1924.5710408793457
192.33487487559486
