2614.759879557575
1634.5666606699078
2271.8077922447433
2068.8367313215986
5767.172443101608
1277.5656143550946
322.66267396044304
4093.979600206607
1951.1610360139741
2894.1040819229083
5017.403848887996
2883.1293163826826
5602.199631975145
108.24583023553457
2938.0977364764904
4678.609961005473
1294.4668936524004
3840.5719992334525
4788.9354750922475
689.6782878890267
1175.2809839306992
673.6897273174777
4492.511086314879
933.8891901468
4046.331811700586
1784.5812205066088
5971.812757374745
1828.9890560449905
3169.2190273647843
5666.824194889339
49.21552015709241
3508.457628652691
1042.793762871299
1493.0204526520768
3777.682688091306
361.2046585949656
4940.855915660569
533.1273510737268
2845.0270608641545
2317.7870308472307
2813.2958791829033
2641.547575901536
1948.883780832476
2606.1524420158735
5063.2786333516915
5413.997234912078
2748.1274875878726
5708.922664403723
3351.4499309435723
1441.1998304788935
153.9870161001809
4383.8633885670715
2166.6706516449344
3513.6758307798914
207.44362334318583
4006.3184218844212
892.5740686010263
5814.124069368578
1268.2941578477853
1499.714036851723
757.7522017750439
399.0094512141428
5444.409422950511
4069.347647458363
4563.991848592722
1400.2067357859305
3685.3145062002322
5865.369302160042
437.5752001585871
481.01721578575706
5921.565256209171
5534.324782050086
5069.899804203716
5467.504505895022
1677.1160937424493
85.83364693791225
2028.7575372641757
19.688700857996636
4106.784356661538
896.5230721182256
