4034.713271918859
1075.3600579315325
5413.997234912078
4775.746943496306
3002.433138934718
2472.854674847896
3021.5887525224075
522.989709408471
5632.519824714205
49.21552015709243
3918.2996471650517
2381.123031976576
4467.012343556044
3336.1589438307738
5530.586909342739
5484.728712800286
5560.0730105725215
4921.522884611709
5971.812757374745
740.7422490656489
1565.7226085552916
388.8725574455243
2802.8487278589914
502.0961051750852
5446.77742276266
1605.5352634848143
562.8330812408761
2759.0902389736907
2681.2582157958377
1246.134912887445
3348.9955115333905
1241.8334426698145
5152.295186052777
1429.6970724288772
5377.458217310566
1688.6161229608952
4329.449698409415
5824.624290094698
945.6157923290606
80.1809001566285
3840.583623558535
2198.9048542917876
1998.5981308052399
144.3590611568006
5906.773527190744
2850.7666170867537
834.4119244160624
1157.0751012689973
2147.7528574749754
2887.861450603532
3557.648805626576
5236.751161812168
4983.000678925723
483.99808240831953
4824.1462206588985
3926.1928085628806
4724.096918602219
5681.095694218873
4574.195615490361
3416.538306393466
921.7779895462747
3687.6422244702594
2540.2773509227145
676.1221194966577
663.4629399988826
1596.546927880695
702.273354167351
2122.9475160489224
1004.028228328953
3885.035339971879
4221.650751673094
5485.62311432937
4041.8479361152285
19.688700857996672
280.19798868942485
4973.685555445928
2154.4646196724166
1421.7147952497048
5572.192197279978
2256.7092386754834
