2527.9913069492504
2698.7147468715384
227.9505916836216
3318.651041425751
3576.693792127385
1080.7330792329328
188.34512009232373
3099.1945942364077
1871.5080695894821
5858.213412471897
3149.872406089461
5574.224026321226
562.8330812408761
3696.702575562783
2154.352416897512
5971.812757374745
2350.219269942145
130.12935638004538
3496.5063281446564
961.7279952319514
1793.8627802296073
2051.660099918236
4500.3356974719845
3763.050131785126
1554.307409516011
5190.389334133192
748.3751500336434
5642.150478645625
4269.708028167093
1316.938124949278
4981.270180359342
276.6032528607402
4456.82277419723
5413.997234912078
2281.8272015467246
53.75968523644816
4786.953590969411
450.02255852482836
3349.561470387156
1712.2313745536262
4662.38337552224
78.7352284475941
2626.784475137474
19.688700857996658
4920.654939681879
934.6118953053308
4513.913273789148
488.08973437363204
5616.075583657895
5719.249534225783
2185.3783827598654
3257.2821650692617
3196.0289936452054
4536.410237247565
1965.9617591192361
380.37840413300466
524.2173381364269
2967.675141210535
641.559824016998
448.51402982196356
1874.5053503093718
4371.381683347859
4318.929760440165
296.7289890452197
5350.652728820741
4246.337907597739
5660.33924985657
3393.8887919033014
263.95539824158135
926.6405679712291
4983.659818083737
5521.506351225699
1453.8962948615767
344.16395701828895
423.10944852851935
5122.663027763166
1376.871523910535
905.4719131728979
3146.896135433812
5598.358139705425
