3787.637173945486
5335.399493849055
4454.7124187264
501.1977942957335
3811.496469812466
5866.338490877835
1516.8021579957533
1617.3846237744265
1688.8747860920503
479.1868269751343
19.688700857996665
1045.5051249579974
308.10949345853163
5030.868338739517
5771.346355846664
5116.479204255255
5593.7717348328615
150.47709893031745
1689.0954703541702
1829.5579034663467
5081.257058492607
3717.3669132145
562.8330812408761
2991.0158414547304
385.0212524008517
2993.4274325595584
2819.8226745614597
1568.6564560602014
4995.2288544672265
2893.81753069786
4881.293745994438
2211.0735615200438
1974.8969836683023
4538.941127589966
2661.7257510231266
84.77586412049625
4498.150157610239
5466.227616930783
2300.0135425355184
664.2438924898656
3399.4697283551272
911.7459298216063
4294.590000570888
1814.481046075609
5586.714898340297
4991.665760685621
1175.9292774561866
5713.57659951164
3937.692420305003
5157.428142686123
4236.0521518066125
3599.017050328341
4084.439557406239
3757.372642482158
5653.626179809206
4626.549432771733
334.4033031725245
5413.997234912078
4124.435217140544
2526.0023420735915
5506.935673098398
1687.8283589435468
428.12047172447626
291.5592135913736
530.5853735095034
401.5904061598586
5259.991264316709
4745.869796473655
5971.812757374745
3177.299347948424
2947.939882019835
5549.066319687783
3011.701106494777
3425.668331554977
266.3850197775219
3781.3304265570596
2989.7345065653053
2433.6205355008433
1318.2299208431093
341.5461628901526
