2147.5008945600375
2508.432393085049
3795.362520565961
3731.9203860886096
4509.692969284832
5474.829895384892
2445.511230021586
4827.276185466581
336.9882793899584
4198.139860788526
349.31277651623276
1632.4446563505994
4309.10052348259
5581.788930768197
594.3986172261073
3314.7632084127345
3123.7763119489127
486.0457793179382
2453.894709371129
253.02459342510932
946.32890524363
5918.577358094695
5051.196204063854
1534.233163380697
991.7955897603053
2054.221322509976
3435.866833293874
3648.216172937636
1778.784460533408
19.68870085799665
5519.996763139356
5506.101755977505
5386.699100846201
5971.812757374745
2464.994967814296
5720.710125804575
213.71149119902435
5634.953864025829
49.21552015709245
5444.413565148485
80.46249761987207
2256.0000744005215
165.92615536993506
5544.017239424367
2540.7229168870294
518.375589132054
3243.2571189427845
4476.461580219183
4878.065469721543
3793.58152708445
287.55931664532176
4609.979287705315
449.37530189670224
1342.6872289703588
879.5636634560012
4375.310542821881
3824.1569153172077
413.7064283061051
3074.7676620419834
5837.695830341085
5326.500719171201
2632.132039707838
5766.976138864606
124.19549535691431
3004.662288641074
4429.566532900868
5215.51020590799
5413.997234912078
183.52828896672574
4156.474825311335
1618.1436899925623
1084.975155593916
1530.5082528987484
4004.682503052008
2042.260286746045
562.8330812408761
5683.001510460059
934.5855648067366
2249.8359504215723
3281.2721496380864
