431.7961646789963
3917.872482453382
4886.354149863111
455.1278168941167
2647.7355769729384
5134.367338371656
2676.350169321591
1101.107898831394
3713.6566198840665
3472.988424179468
923.6728579974227
1565.334501339247
1740.1607160344197
5733.0956859697935
1268.639351313094
279.420271291256
5608.14021581865
5413.997234912078
1908.5592392474132
4150.82967295505
157.84108332661623
1442.5876864980419
1936.0598785073025
562.8330812408761
5936.552481452129
3088.6611958778285
4024.867491059859
930.0150786794513
5544.239913970828
4945.902456563623
3321.5563350097527
981.610949367556
3182.325173625265
2563.9357681337247
2009.2235537182958
826.0092369200248
246.89917779195304
2563.6505727249646
3239.1248151788323
3132.1386525432304
4893.784296323246
4520.4285357650415
5161.198594294834
19.688700857996658
3627.5146258850014
4804.58431575997
2271.0764544371664
1829.6375125196432
111.26615613565859
530.1324578581116
4421.963258998031
5309.6487574169405
2736.887760999305
1165.7379458138766
2911.2226953224344
972.5717014124637
5808.337586490215
468.67709793526853
2395.2929275021356
5200.928808342167
5971.812757374745
5026.842164708544
3300.849567273841
4491.455459039606
4334.442113063925
354.50855596481466
1957.642805786118
49.215520157092456
5139.06198813328
499.0035422862002
1273.9412361988648
206.66043440035122
312.35979338061804
4291.787292584364
246.956861175457
5851.413485549115
5500.240372669515
2077.3913724576514
402.26934537990064
5672.6869726219
