3448.5860364614196
824.0917591827626
5171.026550552696
1573.0403937584833
2630.5641629008423
3010.3175563776613
447.64141964395634
3237.943090313648
374.86851874529157
1570.6267942332554
2849.1137476290355
203.77057284979384
2225.258655665899
4204.2516009511555
1465.9297401653942
5543.362578057975
5971.812757374745
1372.1855032177614
5639.603719783599
5220.883871186698
4413.072418815365
5248.853073454115
4638.198510696088
19.688700857996633
331.9957950351002
1658.5954399474404
4290.041298246664
4081.5236097300563
2741.353099961234
2360.3765809616443
1264.8700025491385
2437.995983906457
1047.6184926488995
4229.1615780128
2365.047735662167
5082.875618597026
5494.00566657367
5413.997234912078
5406.0810745528315
3630.968458311243
2084.130252634048
263.46537521825934
90.11725097793173
4756.426045210626
2401.078305767301
4090.364150588126
315.76361339337643
1791.8995595744138
3872.950323048148
5350.273013280847
562.8330812408763
3760.743822515674
1302.2068601025994
5213.172612336824
1278.5101974028887
5920.307965000543
2299.7260983683946
302.4689757360044
533.3062619417806
277.94501661415273
4895.511473464963
4341.417683048435
5831.038634356202
914.2428922716687
5724.1346115494425
4378.44995800823
499.87518027095126
4280.130360800524
2603.9088451778975
5228.060517842251
3365.673604958915
1820.8094794688882
804.9687338881699
408.58511374439854
3456.8618530851495
1238.1565228515128
220.25811961482214
5035.5211295103745
4871.2562557495785
5100.734284663794
