5037.5221163991755
1764.0959523014108
1205.4059440670535
5526.939621754947
3340.343915502561
2083.113593424472
4267.208483499555
2646.3751180513964
1156.4241083428424
3864.587285042416
530.2266664631503
5334.736278080808
5532.917908788751
2493.4975764739916
2544.697675439916
5263.928193476047
260.28072822780604
1094.8902674228193
2774.364800682781
78.74233945618816
108.26915875528398
4636.052713055543
1587.1346822833943
49.21552015709244
473.71213513978444
727.9810506304764
5131.113035056025
1998.5124320021737
3467.596263002058
411.3981115899491
4654.551283364894
3268.18190435974
138.98784655703525
5494.584604064449
582.7922609276694
4020.5131596134224
5894.980188049285
198.03056198316906
1430.0673877964336
5467.728139666825
3162.4043389230583
3708.0545725993343
4853.415397915034
1313.4925045488503
4397.90324095901
1238.0075611838456
2648.0893243897026
5326.313021180577
2341.655488286886
4034.373742974008
5586.259509587442
5251.582763673703
525.0571589640516
562.8330812408763
4484.181479693131
311.96084808869233
3380.19793338078
3495.001126307955
5765.904330178608
3531.904643708841
2971.728761372383
4782.482776100941
1427.9269497351738
433.99263295025315
1354.920159956146
5413.997234912077
552.7901615061584
3522.870361790356
4338.822913634509
4453.977428658918
5523.719403322458
19.688700857996636
230.40373689069963
1881.3633871458283
1348.9022515532893
2841.947432889371
2748.1396002251317
174.12349257508905
5031.719917294465
333.4218611336763
