5450.491490560438
3358.586885395823
4239.917036475868
1005.1342934648785
1597.9311104540727
570.1213668322298
2491.539835464496
3137.167247816514
4915.76673702025
436.824074822263
5502.462780982216
1941.784494398378
3889.024117130254
3376.8327288756905
2628.836266352023
4514.9114588921
5068.397752721441
126.35956848825302
502.36962476714507
5971.812757374745
2722.496454590121
4576.022548950565
2794.821182120477
4554.980265983621
4757.033803594299
19.68870085799668
860.7774431045651
4851.416251776768
5598.770241280608
5616.921356875945
5771.784809116729
4495.466761339409
4477.535029996255
283.87488096652623
5203.914332025014
3426.4424279331415
381.9061676222252
2969.0651900391476
49.21552015709242
4498.973468748824
5413.997234912078
5563.70487688641
3609.7505351965738
2010.512532243205
3614.16731980488
166.86472232242443
1447.1148728426886
533.3062619417806
1562.3716250618756
5543.6136370270115
1050.037283701316
3501.932683253667
987.0444571068551
2378.910779722157
5378.186966241396
438.090468195897
5507.991588296518
4330.488432772136
5887.52141431543
2089.157413126408
2604.621584486265
318.5373850152628
687.9883783843155
5629.012600090132
2759.949739078959
213.7311348687325
1167.6550246976174
4412.470566383546
339.1170721309393
531.4661398091225
562.8330812408761
86.66494599999785
1514.538297686377
3739.3976674097216
3665.8703096192444
475.6567185548994
1791.6129496570475
1433.698198677639
2284.7878764642105
1568.124888718054
