4066.228940418674
3931.397765492684
3167.072538972474
1683.2701594901
262.6396962439735
94.29388998185735
5131.393068372509
1164.2554344415132
272.8147970289896
5446.327178349184
2365.2045924038166
4005.091111175324
5679.853514168085
4917.345940786106
1102.5640971356092
4165.53662326614
3281.257908313773
3116.6829056692213
216.81931992965502
2569.8640077972896
335.10335792222264
1703.432185310378
2290.1605396135415
5310.141704252552
3606.329520274917
909.7543204764868
703.3173240577855
451.9417890392723
2904.2977980674696
108.85824160499077
1001.6245928830834
1312.3650799183724
2251.890861140043
3899.9621333018904
1395.1444824471937
4063.742833717014
5413.997234912077
2428.8141742500407
490.7454183159193
5484.702530265506
4563.8560476454295
1180.7094335044133
2721.322797289873
365.248453111866
3995.9642032709003
552.2764212150105
5817.129364290918
5463.684073822656
5256.430219285385
960.6665157752171
3142.4509890075956
49.21552015709245
4921.198361213972
145.878989007465
4684.9070478178855
2545.4482198586256
5733.613571617787
2034.7748709026491
529.7345796683851
5609.722368470268
485.0913177053809
3154.1460719682836
562.8330812408761
5971.812757374745
4379.6605729525
5837.206282381108
3245.9105376889747
4985.016523765367
410.8218107457565
1833.7186024519667
5898.42908183064
19.688700857996693
4276.878761583796
1843.2203112429772
3087.703582601846
4818.580721051577
5388.013516472239
1541.745038300786
1798.9149546556564
2143.1909720807685
