3793.4427310188835
3572.784383531371
293.74537174650027
2849.6506813854608
5594.512898740222
444.83858496110463
4843.937405812011
3857.136756990305
5166.735846335496
396.04459140980674
1369.8072263879876
5971.812757374745
1145.8237751819959
5538.859967751315
5060.973669446243
154.80151985724183
2700.847860055987
2663.8272238044065
19.688700857996693
1518.1224746357182
2554.4021441405825
5933.811049644056
5704.992165084987
1606.0067204629704
1094.6427880861722
923.4949653628643
5877.701961072948
4700.3329054327505
5459.779869840775
5790.125136034021
4797.104693022513
3907.0422778855964
2016.9530124521086
360.6642105049814
522.4735251773949
1579.6926165829818
3434.818001564186
5396.410620119194
5413.997234912077
4919.032951848983
4111.580090277883
4361.237283124623
1848.195356320985
4720.864672538104
5005.830860192917
2593.45603742978
5430.60475881942
126.86572379401704
4560.617359885378
3405.2839060381443
344.69444029278725
663.6084398636979
985.8949186646832
3274.6672438303567
3860.3743870215403
1696.9590630295274
487.5421506205501
562.8330812408763
272.5833568465633
2662.6154570930253
1880.391013817625
4741.748129239342
1896.7885338699145
5385.765606850117
800.7010187549791
2103.1210171458342
1097.340146328559
1780.6853000158062
2223.144489034531
3894.963997781294
3275.1420776538453
3048.0958501322816
1234.7369464704489
313.10203570320414
2384.2334860620504
66.89733661993759
913.6814641336255
3645.9930642971713
5381.311612070334
2894.7191817429057
