1899.7774140729366
255.18385911125537
81.34785210442715
1376.250490308457
4101.640969085378
533.3062619417806
356.86584224131303
4933.9839448973225
19.688700857996622
721.6878014156965
529.1965440384057
1501.8289835952194
412.99909526994134
972.1983315385537
171.8028336523567
4531.967070277018
4525.393794012057
4948.552927899999
1228.165928024975
5589.3392461933045
5207.068976281083
2202.194447882866
2949.5573051343313
2814.662033884361
4751.792202151812
2342.6140241539993
3107.541082425803
49.21552015709243
3778.165916562541
2396.153978976734
5971.812757374745
1614.304957442117
622.9533342640873
5065.062649252228
460.0204599395193
5323.962456299367
3222.4198714201066
5529.233810037205
1083.8281665785116
1986.6185623813058
839.4733621491239
5904.4476454128635
5763.532940471283
3598.622732394948
4391.75373689538
3925.4489340908844
1682.1251321695258
2521.8373825693707
3321.9689842172147
5834.688652422106
2093.453598746026
2438.256073841483
3662.9974851881907
2026.4568846431184
4292.903769656975
5413.997234912078
2908.5745241549516
562.8330812408763
4175.964901060199
128.55465180024146
1028.113933517824
5035.172161670572
269.41149458808843
4253.382413158532
1013.343016452754
308.67512478491284
2145.2089947166182
499.5998743464263
5647.637509405741
1151.6168621994498
226.09920239547824
5341.895064944811
5056.666735353035
1702.5605529222003
687.304622067479
3570.900158760872
1756.0777050916895
3415.253157824872
5476.204300287768
2726.8312845417904
