1636.3734659126244
5279.9780740786755
457.73474075306234
4408.490604845946
19.688700857996643
1409.5142961286158
1020.4633229683443
5095.479085702853
561.5243393061475
3262.8235501068907
5455.597653282286
5493.646470149573
2049.7510559997427
5413.997234912078
397.02684444901774
3399.2153951270034
3065.615831889186
492.28067103139074
417.85067174288514
3498.4047717481167
169.76240312801554
1082.9014225251499
2919.542689666995
4605.967314987273
1905.7416084395468
629.733942264541
969.2443855476624
383.98021224140166
121.88158355050795
3867.6583706121273
4025.2729036957126
2391.2455569790454
5137.026063257354
3902.814256862639
4982.992651414564
5688.599664768507
2659.8801235116475
1373.375353482826
3144.6917054549635
5291.446723830155
279.36791220891257
801.3553513323316
4225.605759184969
2073.752395540109
3910.1937786403346
183.70394002728287
1219.105217876565
4850.666096597023
1893.35823113382
2012.113264234
49.21552015709242
5615.790709353722
1777.5422874021253
1820.8925216024659
5767.113516345813
924.613868435966
4805.449605896699
4991.530287542084
3537.68452573826
3484.3494274083323
562.8330812408761
2903.6045010670528
2175.080409743086
2682.8867155082335
527.2844335179317
4750.336562275805
2650.445001811555
2213.5000358799703
3417.6542890356404
4116.136755794461
440.9584552583814
3666.2639742220204
1910.142522779258
4302.4006668185475
4471.433599669968
4318.006070673075
2509.101245813721
78.89562696882783
5555.566518492244
527.9334126238992
