5835.160028928225
5171.924533635745
635.4680273984799
2527.0123992468166
3411.6847399642193
1660.1149603104657
4635.904305339853
253.1978785256911
19.688700857996608
80.11656744940935
4681.224462241479
5567.49996501768
1056.841705755742
1241.7188246551398
2107.336252270787
5058.891475853141
2430.4913253742243
1629.8429426412058
1564.0147777145576
562.8330812408763
1570.9058854141697
5014.924020843893
3179.738429535767
4014.9769022906694
5763.946812514186
722.682868586424
2980.8293503325303
4663.1244762617225
2376.4093974000907
2399.8496809759663
109.64338674850512
5446.049182169149
3694.247253988033
1274.3858995759674
5971.812757374745
1194.1099262114026
1415.5024169726403
3006.9538056008355
1406.6998829641552
2097.045589473478
500.367893894148
291.05745145359026
4732.043254756992
340.0224382188929
4215.264627958563
2399.7063275877813
1949.0894172517683
4420.385166013604
165.5474916549011
4123.666927994902
2844.7885564708595
445.77923814563434
2502.555945711333
205.29499006748918
49.21552015709246
3580.4254144916003
2308.338271318989
3871.4471607700234
5669.594049129908
791.2911740979996
5927.197929573768
1896.6597235472796
4279.693495121418
1604.6610863555766
4616.336285391518
5487.579815855751
895.4581252709268
5488.800137011649
2630.2359525926713
3753.2078972325153
5115.261963873991
5413.997234912077
3421.481106397719
384.51559364974906
4271.184080644963
3416.750931046123
4401.350773993551
944.745808278436
3296.6294099753172
2411.2422387116394
