553.7064184880093
3650.946001019088
84.14135189052347
5467.431096183491
840.6528814397332
2338.917330440932
3583.132990339743
2805.623878448112
5303.346871088708
1274.8642027320532
1084.4835736009425
3610.7797167643603
5898.242287687031
122.51597954941911
2991.3969402373505
1903.4406784982734
624.4250568660018
2819.2885524879903
4539.401237569056
4487.209231886583
5257.0882999512105
1457.2050254361423
4689.197640453313
616.8385826634146
1434.8407382198243
5525.686233644385
1152.8234228258086
3374.174660425999
2080.1698835614347
4636.774987777419
19.688700857996672
5971.812757374745
5507.53894241245
1664.0032222556488
3875.3748182591607
5564.438125959737
5802.129551615209
5753.203447770642
176.00009002609914
2573.2862830635167
562.8330812408761
1050.42433218167
4795.1501681675345
5638.454832025898
4547.901074702711
5104.514702366671
3668.3545303895967
4551.7801458893555
3574.1031711921282
5413.997234912078
593.538291286843
468.83338308293895
5318.67966389987
3966.251826554597
2400.2964411282564
49.21552015709242
2600.519068318304
547.2086797372891
4162.35335733889
3625.752651880653
5244.509279278765
310.3968935117132
2415.0671593138877
234.6254110938707
846.5338881633771
3634.8893467999724
2557.995180795767
3749.6073537938787
2187.9682892257097
3362.5393182628604
2246.7471584196205
4570.637741533622
5678.960291744498
1817.7036853878096
3074.1176745025627
5255.09193983787
539.2000909659666
1784.8833050915553
497.215016860025
4252.276058049638
