5128.377230360855
4956.488740631217
3626.365628321947
3174.4564782346356
5410.994119645031
3026.676798275235
2849.0133591238778
1845.1672541481043
2197.743608676073
285.68475656154715
4979.464083496661
5971.812757374745
1831.6050884879016
2975.322115622559
4619.607074106043
1261.8343125194115
831.7042046463388
332.5233930817749
4980.040727978055
80.89180457219555
4439.653318075836
1980.9356412603433
514.4531305703557
5662.858236643869
5009.050702317115
4115.9601917851005
1757.6532091817812
5070.07719727229
1915.25421135018
706.5359766822734
4447.127501743764
658.2345594393962
2359.5192937348866
4721.504862535472
5929.313707492589
4269.605244764052
1955.308510128359
5413.997234912077
3037.619417921444
2944.4968248788446
49.21552015709237
5216.557229867774
2152.1139859032737
192.4202778925931
3361.6597175839233
4776.558916265168
3289.967165598413
385.08422660837255
2977.2269403255013
1117.7892598871397
5828.348410441168
1337.84219021541
427.4483731913772
4191.482384473964
1500.7448336502034
458.77031131663
3516.079560076501
3989.2544457253225
2508.0931847698826
112.8134275557351
3863.895969281055
591.2429422782576
562.8330812408763
2686.4300550654984
2894.580683309946
2283.3813670095483
142.77506236341347
5882.553109518018
5782.620137367856
233.1665387750869
5030.65588909688
965.6299233425652
19.68870085799664
2496.1311940070123
2622.7718008419197
3378.0977276625385
5236.116120767489
5444.413565148485
880.9360544146473
5257.733897623855
