4297.055243978218
1754.7139927335763
5649.109099037091
2322.40202704116
485.43398574168214
4326.497295152729
5530.330619042371
3992.6125058526486
88.78112739977327
5122.910756607469
4125.7340321896445
5971.812757374745
3173.1239151784694
1392.5745235320483
19.6887008579967
3530.692115428578
876.7968783726861
1844.393093628504
3392.694066813595
5165.327710064281
339.98559499590897
2209.738611271964
4958.848949354395
5594.717780113075
3007.949426854418
235.50181090301504
1701.6619462610768
4192.93778049894
1812.0936234535566
4086.9574554080014
4054.5927009202865
164.29728683330754
5750.110833569304
277.30497522199266
1668.1124008082882
2539.529885059826
520.5193381866577
4923.435935077012
2321.3860924216287
3067.7313816385395
5461.58438210619
117.5918700225656
208.62619305780282
5613.6159502984665
49.215520157092456
5444.413565148485
4842.449969075251
5305.528056754632
3427.600198074585
2863.3984941038734
5413.997234912077
3700.430576529836
4614.25155756567
795.3953325880088
1574.2627903517243
4316.131613013382
4695.14305858272
869.8910817985857
562.8330812408761
1867.8152031435513
2619.443249981707
4513.599426330955
932.2333405404315
5930.24654846397
5625.461993163724
4860.312147498291
3802.3563699363904
1568.055665738521
1724.4550598373526
402.34466840630313
1251.8870298376617
3606.8805754375753
361.64281873598895
5151.56325752986
2090.476180927702
2693.1189319883015
452.74489994972487
313.34485016869684
5710.561617162819
725.2166549163917
