3312.1809370634273
3233.0072685966975
3003.903311062996
5719.089589875122
5555.0219027302455
533.3062619417806
5777.911789791056
1884.7720876202693
5010.29647788202
5413.997234912078
928.5643628597899
4219.583629424745
469.94488243648215
159.43793104594698
3911.4794419641375
4371.657074139287
5119.400124241078
1279.4374845835184
2430.1649968337797
2171.6776812978705
2881.120287750853
4152.707770569711
5503.9027983229735
3581.9925071503058
4188.622696536979
5299.79814469732
503.77944264268484
1170.6659362153168
1019.9302286307835
1782.6044994862336
1332.9529817717212
2950.089588113533
4838.398711806468
3753.5937925096778
2361.932635600843
964.0838379822235
84.63279906506939
1228.88589337822
211.719860877208
5971.812757374745
436.59748473578213
2500.1320968178247
5455.537101313756
3953.399890905762
1551.961842690111
2752.966359196655
562.8330812408761
144.19084112746918
4840.70676378051
2000.7932129773928
398.76241238263674
4143.006786728443
3428.8129904923244
1362.4490065473892
5564.831649818144
5454.862628024756
739.5940072382459
2439.705945240203
2427.750128031182
4232.036432343488
5879.980893962396
1722.5426704625372
1702.3063792772068
3294.3006567956454
1833.0466523059968
5617.413400173362
19.688700857996647
4753.985028325899
3065.348428460291
4487.747839269308
4125.952911077369
1362.5501447368663
4971.697662947917
5176.241608116343
4142.410304628912
300.0095215927747
832.2803208959472
49.21552015709242
814.243759583452
385.06293053023194
