2324.8787296224564
82.79832580010182
2032.225486366062
4904.846549667492
5837.581864389714
5548.791796026579
4540.4511373353735
5058.996388616917
5690.460920047013
3973.5849398454784
4397.4215002844885
2352.497944316702
4671.870636561544
1920.3723149820928
3057.389523507971
5084.548965160038
2406.8622148595673
2882.103118778602
5470.9278585315
3477.1508909599024
2579.9366543548263
3279.3868846269293
4097.664850606694
1773.5844370431757
318.4133132787587
3625.4055070269405
5770.513089251996
3874.1397912093207
5412.581899465505
463.0087568072767
1502.622570625534
2282.051419711391
5971.812757374745
533.3062619417805
819.3667511916028
125.37686643422744
3224.19095842734
1695.0581397786143
696.1239874946634
1583.5958146833875
2431.0151612131963
3765.875964404994
249.96947825318438
801.8746601227474
5015.703532669981
19.688700857996626
420.69384195786205
4903.724572867722
1212.8342485529276
1231.198946353114
562.8330812408761
5413.997234912078
4464.079824092844
3194.3551663392536
4638.296440267212
5604.030321941623
4636.513876747663
3135.3664325141317
5666.454494178099
2748.05406983955
963.5645808187994
4479.8621318664655
727.947543643956
49.215520157092456
506.78036565405137
1538.723411987012
4359.713891473368
2560.308564051697
5675.29056386706
3653.778603804414
1627.9311671249038
5659.0214171613015
3373.008906882341
5534.789037459108
2149.4643698779055
3162.852953114634
358.687925467603
500.2939840762665
1192.4746763667572
4766.4958925762585
