1524.9567858132377
579.9766334759709
2111.1903611533194
5446.044556110745
4811.148709819419
4951.199644912347
4253.433938303913
2584.402633929881
5492.254222663047
2099.133979462742
182.62764641868347
4975.371443090995
589.7301673912712
5896.343301665071
3442.176500562536
4750.007873355991
5559.947400617073
3571.7278222238538
1860.695827027051
3242.947016910709
324.18718891030824
1920.5863395995627
476.9706443983779
1067.2446209740199
5429.120492793636
466.86497221888476
819.2977933273193
4818.2052159183095
4702.227855043801
562.8330812408763
96.59741837494161
286.56146062864445
5355.043150580449
2396.1184326662315
149.88757151721603
5971.812757374745
908.5184627527394
3494.5613987491106
5614.213428935995
524.1752806060706
3044.603145068354
5397.273542056371
624.7161004637876
3861.6138611326546
5820.135761799161
5185.802876769982
2608.181568890857
2013.4345514447714
2339.7605423578925
5732.706842111051
1407.1161063618438
58.64731273176359
3928.2603707236467
3197.896015440225
533.3062619417806
1319.1939148535348
3149.2595158348113
19.6887008579966
5413.997234912077
525.0685482982753
401.6769973351629
1188.6529818873
722.2323379986724
5181.101770588424
1073.69393220522
226.59538982763263
1664.5460019752973
1495.2623386254145
5036.242159653027
2932.105443727247
3130.010642170857
4993.482382127768
360.3540082646374
4155.386615032738
2401.918427919502
5938.460762681279
3372.5907091317026
4440.371681098467
3661.0660896685276
3906.2117354104275
