1938.2405181489114
4534.0222633942785
1482.6756614393141
4924.305248529192
2342.7375370405875
562.8330812408761
3067.3464103229635
1146.3972557617722
4468.729329703767
5971.812757374745
2269.7279934536145
5325.107103920173
2588.6529977106006
2782.791033479264
4994.041713555485
4831.458411561509
4431.810108313259
86.2314563138419
5413.997234912078
5843.2227535279835
2482.6973540037925
506.52504330403764
19.688700857996686
2898.168744744714
5574.727088893189
3423.3848226182345
1477.6895779177082
1284.5924132913308
200.063111393156
2905.667398912529
2308.47260212285
3868.6651063208483
537.5992660555663
5927.523340305999
1706.2947226551046
5687.337720753294
2900.3643670292877
1490.5946715516836
3390.8318663649748
3817.903805078281
427.0889457903689
3441.7520290002203
2334.364274477816
892.4596481109529
580.1550960298051
264.94441040168164
3877.4404436688287
5482.180779610767
4782.793856826131
5101.863810305307
3366.4440830513217
466.4209571184802
4405.741962514792
932.3617886601417
5883.007411009904
843.743557224208
451.48729976771216
3236.189043587126
1437.7898405475687
731.5775337832281
1475.1938558472016
1774.638165288151
2075.542227634201
4094.368302833987
5627.6753176647935
1093.926774034635
49.21552015709244
392.1482317866957
533.9154131654988
5534.655756327119
1983.0596475257064
1325.6022343066984
493.80298265899387
4253.034444035003
4680.264154643705
3526.238154210704
5362.766097374607
5784.201313019211
4464.703516759788
2311.6051240588004
