3301.9535376608287
3672.179484077423
5227.94586636227
4258.24397501221
680.8750251725411
4734.0114354292855
5733.357578669665
664.273500178962
1246.6958859033828
2031.3031723574263
61.25641489851859
620.1476333377118
969.1957634842714
1111.9098429540848
1934.8003146860046
2386.511747542634
664.1199004833669
4049.936856361992
5605.760023903695
3420.805176712948
1112.1407731178917
533.3062619417803
1263.1403949550183
5413.997234912078
2502.9215574498603
2341.9998360981676
5050.867365195555
308.81981919811335
360.22017637088425
4985.4853989591775
5353.5146546334545
2678.681181634084
3257.3432459797873
562.8330812408761
3895.755985420035
4477.020624514669
2556.6431905136046
503.0360814059684
3932.733429584412
1761.1449735052972
5465.158794235402
1292.7557705742515
1575.3464836973399
3718.128002950882
5125.336740624389
3382.081065327071
2810.652254103047
3815.7172583786705
2535.8312309290536
793.1975502178427
5971.812757374745
5249.513345022189
228.2935038183123
2126.853726183621
1694.958294776197
5504.023033611019
4557.488612870557
2038.1904221491639
98.11079913105176
3118.792756289423
150.1231367283921
3600.735880407488
5815.535945420629
4928.953868998067
2843.6810534867845
464.28278413064817
5910.716984141916
19.688700857996604
4935.350027022067
300.8168121247365
4877.392239189578
265.60941274646075
189.3395200537786
706.638352860263
3148.6617006842066
3808.719332913631
3097.8994126808984
3200.127505162539
2149.9209941788235
431.44477505202417
