475.07495420263916
4278.854036621252
1466.9532258616996
3895.1870031600542
526.4363401093092
2317.1425527744345
4008.6087737687976
1339.2235196737226
1661.7780252098164
4525.9991489290915
535.7633237691972
375.97680119569577
4097.622729089053
3877.5479647346237
1428.5705830644815
5844.2279227889785
562.8330812408763
2146.10854991054
108.27447416810429
5455.905297731428
3847.22000530497
2948.383794130702
1760.629438442654
5971.812757374745
1939.7611127164978
936.2037116894771
1046.902365132199
78.74502173943921
272.23280815673564
2972.0058753858984
5886.788587945108
5504.291223772598
1034.0341152771243
2362.5898765917727
4853.702035092257
2030.910035568271
2882.120398221984
5368.960248003567
4814.49267588633
2586.439247600811
2772.4082768722255
4895.620511430708
2974.760848172689
5725.295345892732
3258.0871657092603
319.02951669145415
2891.4713955559773
4251.85874163902
1154.8563881140321
1454.7724961571457
817.7143205952353
3216.6316972620707
4655.251889918803
3528.359100080661
221.8675543995347
3585.150895989722
5617.5900806733725
1836.0247094892043
5413.997234912078
831.4906655392201
487.18975011197267
1603.2960490548464
180.57504493820855
146.615555560593
5237.709794561247
423.4962604631502
3556.602886082974
49.21552015709247
1941.8412193633835
1163.6414775729356
2767.3152967840388
3578.6788287312406
5797.5314721646555
19.6887008579966
2082.6080884665244
4429.255532904447
5125.8542096724395
4447.251263375157
5932.7550657116135
4432.6709645322535
