3467.420174894357
337.43247097803453
562.8330812408761
3513.0980447512543
3372.8739738038903
3684.5564267305917
3293.424022565331
2384.1595225500178
19.688700857996693
4114.517994006431
5534.243527687581
951.7917016259468
1776.8046289574384
2943.0644915651274
5486.9811010285175
5458.734453424063
1569.799005261086
5601.124098803351
3014.9600934438567
5893.799319907895
3897.3195337834777
2085.2277995628165
2204.778994934617
886.6675766113405
503.7794426426848
260.5381967678222
3444.3050358255787
93.83786703894603
298.4753085262848
1262.4549725427548
5971.812757374693
4928.527680464542
3020.8067041704703
884.2864473035461
5665.106059956353
2800.164317983526
190.24379489080064
4919.355084423371
1630.945638997077
2737.9278345417383
410.12002403019784
219.20688170117268
367.58249613989335
5410.46095845691
2412.064430797537
1458.4219256872748
3162.316744950741
1485.2309020661094
187.1656968073083
5747.712137160517
2701.5472540187466
4192.961226077075
848.2590280638512
473.8098296649314
3557.051877836198
1981.1472878419434
1899.1721685396292
719.390711560351
1375.5294861916047
444.7258040444919
2121.391839202541
4797.534729895888
4853.7327353875235
57.36692986896706
1702.4428318845687
3853.045163382463
4018.2427614858348
140.03763396417816
1400.711368302601
5450.806102376291
4392.974905197985
5251.523917541027
474.2526233435877
533.3062619417806
5413.997234912077
3005.793173981799
4804.740098742764
2050.083660622244
4216.100285840516
4872.486571054158
