2341.782549199327
268.95279555445194
4724.189710208076
5057.372419416601
4867.027173938596
4207.875062341361
1685.5601159785908
72.19264404015541
19.68870085799661
3120.2687893690827
1798.9254071193784
639.6973709489321
3360.3770316110476
2406.482499494104
2336.3818261983383
2342.7843146785135
4331.879189766626
768.7373914440209
1072.5304566333818
4890.471963110757
3094.9767888718434
4090.2999999472595
187.78779467733955
2416.1049487692894
4923.2070707564235
270.89462087656756
1897.3682895174297
158.26090414689074
2882.1872734141334
533.3062619417806
5167.916408778966
394.1279604044057
4581.207853716951
3508.452205086097
1239.7525611022477
308.0496860174508
1498.4846576662908
874.8287711994706
5413.997234912078
3599.4813589916694
470.182955844634
1492.2695417237549
3966.9693147748126
1584.5539979865134
2133.5970013351703
3054.760063435425
511.6873719643585
5653.418214210744
3379.0447131166993
1355.0123275442802
5971.812757373641
4583.836581599925
2814.1018283092717
2051.3007998274766
5273.068700146436
5713.816902462272
2624.5015581633156
445.86336518983364
4888.383106497584
3484.045078618041
2943.6377888720604
5874.835187601944
4853.2043928325975
229.3292122496839
346.26329554778926
753.925434011531
121.10564766873284
670.2191628635974
2075.6013311034853
4320.169682862101
5471.1425134949695
5217.282399682219
1705.5512359683216
562.8330812408763
5724.619629070703
746.3271001855709
3676.607421738877
5363.008986384675
3756.1955680648434
3604.071561541151
