2117.9802985234683
1958.8829874362377
2353.578759853779
2356.095950639158
468.3137611788966
1911.1691826986084
4534.014267001019
2931.939604616964
3983.395003168017
3191.87489071333
3477.3375458376227
300.8980218796553
2799.2948201961303
3821.209663272105
5413.99723491208
539.1049327215119
1175.0119213516775
946.6005203478018
5817.410544368154
522.4355831984951
1009.0595084891099
340.09967278532946
1642.9570386618173
5971.812757374745
4970.404188893227
188.03978409111897
120.437727386127
5639.768654218897
418.5617886193697
2254.890535863328
4386.16971176574
5287.269405867223
709.2958622333483
4949.138321408064
165.32333854632844
4008.640870297457
2038.3784327893022
1262.8009332011757
5043.622531180706
1547.0806188943482
2611.0036705372695
4002.293521839668
1763.063026252432
562.8330812408763
5756.299391205356
19.688700857996704
1974.7182315505622
84.55720184789922
5530.835112044502
1345.2234291452714
3048.20214846204
695.4125891926934
5590.014763643494
5437.30928524431
4906.357806873522
3893.324237119109
243.45146305126988
2909.9520020978644
4992.884927292808
4703.392763810674
777.9367020497762
5911.221265671473
2000.3870940722386
787.7260761380091
1079.7041064821628
3160.3560337307563
383.17737710287076
4117.433411515534
2672.3347776246073
3981.026050649535
3402.587157316706
5511.292110525701
3236.9732862426467
3080.5472806343637
5702.668071208877
49.21552015709247
1499.139052123484
3818.25995926177
2473.794071294717
4137.072377875154
