4671.631030924029
377.7166318492541
3870.2697368843565
2905.5542248746633
457.3097820091025
1439.3708315772392
5133.272807446443
3676.8982404463413
235.5923237606422
3416.088716510235
2579.7247064871776
5560.053968678481
4068.2534189847283
407.1883289005723
423.49570969400844
5930.262517592391
2225.05648832191
2531.9667620860664
118.57060562296289
5688.9163604971955
503.7794426426847
1771.4997340397829
4372.136421462561
4691.673875922639
2895.1944054983014
3130.2679313208973
2984.4741529696034
5062.11404409475
3338.530319416588
1257.8271602975879
5258.293749376897
366.9458311503505
1022.4261227925809
5397.105510898159
673.3194278535734
1357.7607891616367
2697.7790916260637
1539.6173286588794
4638.007412398783
533.3062619417806
490.09089899298453
1147.4011526346399
2006.1997317089736
4079.196456222013
2469.1395615719553
2471.90115821613
5274.765627168812
4566.157140406912
907.241248333849
331.86918448016695
2109.5288422491444
5971.812757374745
474.252623343589
5413.997234912078
5769.610149729557
19.688700857996636
4447.623063595817
5076.858650712563
3487.1279776617685
4197.10376437196
3176.851462983889
2288.026649712501
1591.3896425559985
3745.1493060369144
1030.3634133310252
440.6746859480003
3245.016122267362
286.3889837767297
343.25772788270996
5879.621861568199
1892.9108373523127
196.7236820592306
5510.02409413365
54.73561097669843
1760.5081887985816
3966.6762127246834
3185.5125785720475
562.8330812408761
5584.4220436062315
2498.600707172739
