49.21552015709242
4375.457559938145
2982.0589501073596
523.1367374821382
4805.377433277153
3794.8612718739114
5476.731866857958
821.5320469964814
2513.5982897789913
4449.963354970552
1153.5051855191934
1993.8115974179173
5656.516830042182
3218.032111136238
4998.048090090484
2108.4189199257607
5744.897754448021
3101.726101053698
1047.18579585965
2560.554448659989
3971.786253748705
4213.158416192583
4819.78287897899
1950.6299805658741
530.2190005941487
5335.040097306326
794.3661421077379
405.9061664117188
2757.8078693415086
2333.888158170179
2527.237326887705
1264.3322547490627
2731.817495978189
3722.8264866196478
456.974935417505
5549.370780337649
164.54130387686598
2239.0531149743383
5030.357343462727
4594.463812216835
3136.82767489448
562.8330812408763
583.9773594892831
5152.342278384189
5971.812757374745
5140.413677577102
3515.0115904887043
5413.997234912078
3390.0026892469127
5387.290802306163
316.77099414933093
4343.603606624002
3598.40459434862
5904.7200780983
360.0212249799666
3775.4514374384107
19.68870085799669
524.1276513446616
1228.725380245186
1368.1053161623713
121.91034791846094
271.54890406308164
5343.000589302741
4088.407085125449
1605.8156926995982
3821.9814105636005
2120.6666801523943
5833.2030889992
2060.353324293797
1779.2096129936076
5200.8873527741725
621.1451545523013
1333.525403159112
5286.838840001557
227.34754465320555
1933.561623908884
84.70396907464603
5605.208889364267
4479.174553672175
497.74277823636726
