5640.918844157026
3033.7558911292563
5971.812757374745
250.3862477253924
5002.743720360187
4191.2568411469365
2173.382964833049
2425.8469762441237
108.269158755284
5140.144168246146
4999.596918221191
145.23777585684542
2235.1257581972973
3964.6188846565524
5708.555929172986
1495.655037221477
5673.420142497221
820.2082592601666
78.74233945618819
861.8390183909357
1871.8593748631374
4174.161154522093
942.5132434298188
2251.763545069673
2732.123933234579
5459.301009666802
1132.6138480530742
528.4504174394822
3312.897301208557
2124.8673906192025
49.21552015709245
446.2044017234967
5798.098992496497
3823.4910487054317
5172.470149551749
2371.5132739362966
4389.712433522008
2241.0009276344185
5890.796731465142
3616.335349076469
562.8330812408763
405.8062767003474
1845.3887102630888
4579.914924728071
4293.283590332201
4364.562675938265
4801.708602752096
4183.424430829986
4858.0858191431735
408.99442928110295
485.07183916449446
4136.028988362308
293.22426037976743
5292.594382321812
5413.997234912078
629.0818845797085
1335.6720083347013
1738.5333731254623
2972.7709444427956
311.2598005457026
19.6887008579967
3192.5752114312954
5530.526480903927
3537.0317513192645
3748.5381738505635
1568.5776425101658
4129.036951794618
4431.682419741324
3695.6866773744814
2563.165344410649
2003.1018213352547
2929.6060453774435
2869.1257592399543
1689.0408452317192
4229.902289373684
735.1768818288558
1701.6541394508722
4493.620877177471
3143.8222522264205
5582.360481718633
