5323.421056786345
1168.5175233915572
5525.952327439254
900.1502580495197
2068.9947114757624
5643.614094509575
1648.165421294668
811.8386937469238
2905.4938114641413
371.5169195788213
313.73603774312744
3563.930045649882
4354.358849112741
701.2155435865856
4870.309426788916
4239.818921126454
3384.868128747667
4455.629057006839
332.7209633272023
1744.6195523640226
4597.552232692457
2790.3404502361263
3412.3515110355083
3229.9382200185123
416.3547470675382
4854.6513737340065
4103.760334897397
2833.2235561954735
5210.629421165296
1229.5263328610802
5028.489876523764
206.15476349860154
3696.837843167481
5740.068222642199
5460.280037375198
4139.528839077133
3042.719004957041
3660.4321799444547
2247.6892151340917
1711.1476405288397
4733.388826941219
5587.447233972536
293.6023884065137
2741.1352311588516
5822.741701835159
533.3062619417806
455.3427620390124
533.7824376311572
5413.997234912078
497.9329728969612
3693.3028797465995
1760.4526994614025
5035.398629867058
2812.3424112412604
3829.9678474921866
562.8330812408761
3028.757558629458
4546.745029334457
2599.431611036755
5548.823892957821
2394.7322747449116
4018.2593637435048
5971.812757374745
2842.649828947712
239.59508753892953
5892.222401962252
5123.632629826144
186.03907156013082
1054.8964719722856
5690.219878453556
1322.41014372201
1496.5361044156411
931.4789255254602
4600.347382161971
5934.854936189939
2207.3912540183555
131.70653840645568
2600.6030105624045
19.688700857996686
64.35288887365482
