5093.257465631484
4867.342714160415
4002.0979162086855
3986.4952571399367
739.3132081477114
4036.746578658718
4862.239312222596
4869.837422791832
4856.630156809105
4830.218377310943
2817.4814311599857
1572.519236738675
4935.838381670971
218.10064497725833
1816.2074330471376
19.68870085799664
3192.900610627663
1132.8030660626646
3910.420930305565
3990.6650272167894
3405.60819191946
412.3458556606414
2341.9511531621665
2591.966217559439
2094.4953325568185
119.55058813859472
562.8330812408763
1997.436297404257
2677.964072015271
314.06873598625106
2486.213469762535
3311.449472818185
923.3422348306345
474.16114238649925
3353.26668913606
5807.232323641401
269.37320577119846
5503.571041989361
157.20363702672032
5276.15345392621
1101.832165273725
2165.5679774171076
1956.430720981214
5531.287663220838
1214.6691546691384
365.92668605136714
1675.4819563193819
4563.8103398497615
577.7235508344073
3814.4251863815734
78.74233945618818
4976.707855528653
448.43842979052596
3022.6333583489914
2727.7537764813615
1202.784922637074
5730.950586063172
5073.973123581965
49.21552015709242
5413.997234912077
5923.982777841446
5558.002991272729
3365.1680435801054
1995.1475409833633
4833.642132802345
794.761631785533
721.3425042590042
2704.4755529526014
5633.66111319203
2336.708861303163
3382.1368054360073
5971.812757374745
4392.1693034542795
5456.289477671322
185.56861310259902
4533.324471001717
3134.3504386247564
3638.258003862601
846.4489786863749
2839.899710885922
