3583.4108490094004
3046.382304989657
1620.1028810770526
1086.3208620972428
5620.833787696346
5745.081114940978
1985.0886518977472
493.15585789078796
5566.606646817437
1847.1311176458785
663.7429605909692
2610.865904780487
3247.3353220181802
373.91254847114
3663.3709750045737
3813.175786497158
4339.88087939487
881.9015433088248
2984.1567341647615
5039.919103961263
3558.7881987939154
170.3348498953933
4613.778853908563
1595.9987997682663
2044.0652985207155
5938.846646281891
5449.17564013186
863.561123206496
5108.743400507417
5890.134297807726
78.74233945618816
5813.59900837142
5462.802760015115
5667.708120705924
1382.7091711753144
3571.981274485274
4543.561389929004
2428.806570961901
4386.498372118841
1743.768698952913
2439.538097341668
3538.3815605073205
4705.443053537157
2913.6674373821625
19.688700857996633
1276.2658124319232
5413.997234912077
5358.839459836119
412.21328783261475
4247.592653890709
5971.812757374745
111.5195566897977
562.8330812408761
2499.9198017882563
1052.76395232701
2892.1559155728055
304.4817708471494
5006.404024556711
49.21552015709245
1748.9931160338283
197.5992288138142
4534.677522137221
4832.1119497714535
533.3062619417806
3082.3195418642194
731.0492711805671
4320.716635525494
2443.2205059893336
537.8602991293893
5519.49584960722
246.7155961319101
5043.003678554756
4050.8714258111518
4987.882218389343
452.4235960019408
5221.9687759293165
3461.240226269747
1885.9482589126037
3692.45574078507
991.0522038305054
