4608.656458323678
3300.4619062385336
4610.017096502363
4618.415176312639
3411.6599972990525
269.94235537275335
0.0
2106.0301833636554
2525.2710175079064
1010.9556665487751
2688.5821265721142
2266.6043028683935
4590.100314717557
3746.8293448743248
4290.91840017416
1464.2694109716306
1242.5509712244211
1314.1695207113016
4163.375617611115
3586.7172020238354
0.0
2718.723724216655
1739.3034106090201
639.1984872789212
2894.087995066789
2057.8220742466106
4611.23500869032
0.0
1817.3471760467398
589.6673304364359
4612.444340879135
1983.7071007976629
3920.704997084512
2872.1809711071846
4603.991772302066
3546.8548598453444
3911.8947756124767
4367.765339515967
0.0
2418.9387672388043
251.06972525989374
4617.02555532076
2795.687549070288
502.13945051978754
755.290369296134
0.0
2524.2317970174904
555.0880959975023
612.289048913691
3143.6012187884207
1082.1272048036194
359.9059907239607
1198.128637574402
2315.851425965103
2126.8135427930433
3925.3211664295204
2470.2777286759697
3303.0689850621598
57.9094191000262
3293.766992645418
3030.0368046106278
4615.2589415257335
306.3252789174742
715.346753012633
0.0
1667.4827653632294
4602.356160120446
0.0
4230.064252328981
4045.359336706698
3561.1546209045046
3102.603685619151
1356.601876323549
1254.3173088059732
4613.613640719713
4368.027288879472
3505.0776382456747
809.6932254120946
4602.506096402176
1620.973779290718
