0.0
2525.0635024181706
2492.2781707774793
2902.3976086789366
0.0
3770.8317878728167
1320.687968796184
2120.3007244277915
4606.166527131158
471.2140931354505
2816.5513965178216
3405.167635925118
0.0
3380.877590011827
1650.1617694243284
783.5480615830561
4351.404767915621
2772.663306812604
260.87227746309856
1761.113098702856
3621.459414033325
2919.292653853397
1463.1220019036994
3684.7493728721556
3111.392738045454
1572.1040105116301
0.46850519401449175
1405.4222613709185
424.0201500911149
970.4306854555226
4603.553956844655
580.5995224579589
2608.837377424453
590.4419191344706
0.0
1917.6234429951544
350.79800511059193
4602.506096402176
1218.63000249873
807.138074941571
1224.3709594771362
4613.451572088481
560.7905657368403
4614.298865199934
3246.6039886765257
912.4015881596285
3590.0636431167013
4234.6670979931305
2417.015368851171
4607.793120018263
4257.132957470689
251.06974393812988
3556.8677010457395
1960.2220011565828
1775.0330170914515
787.157252766476
2123.902090318822
4617.227056914286
0.0
0.0
4609.410361270884
0.0
2433.1787200008366
3317.7068381771187
2846.2260483294363
367.46061450568
0.0
4607.917180047585
2969.673478329554
4057.3753665159443
3532.909045170096
1087.2501630987567
2319.7672237125576
1211.0872933460537
0.0
2948.913655632803
2265.2341338952087
2845.4758104078774
4618.415176312639
4612.145960817783
