2124.6212183119005
536.6279393308888
3321.1807284683346
4187.9749036321045
1107.5319319936236
3490.3233687641746
3136.2749432238625
2157.2863847882745
2321.418989593488
3453.6112126566304
0.0
3025.7794139401503
999.7846531656002
2449.802260357841
3793.23397244714
499.1612779418767
0.0
4551.816917475424
4132.774560206188
4608.8578590480365
1362.1034632193735
2374.440461877282
1168.1771976947093
372.2024489757873
2540.0875593513665
4331.185487146756
1660.9128151335822
962.6387805647851
1058.4229478504344
3769.59819213562
3682.896157183541
4596.186985616314
0.0
4367.345451052745
85.07620355448995
898.6778570917409
1735.6871705720337
8.154203398077499
1025.9325544029994
1624.190155601717
564.1211895929462
0.0
1958.102257056016
492.56700963970286
2471.692824062539
0.0
3409.7899128210993
1647.338906591669
1696.899586639052
2954.325455322633
4618.415176312639
4602.506096402176
4206.928904832955
1201.5770979925212
745.1998183151084
3034.5532403929647
2022.0845416086902
0.0
252.64642056665366
3582.6316451645753
4051.9944203786454
4605.56953221485
3481.0067581271023
251.06972525989374
1926.1879414999512
2723.310930332136
2603.9757057580614
4021.2548442786665
0.0
1509.011574391413
4609.086489991752
514.0443657512072
4076.3406717564894
798.5482005824774
1483.013214578631
708.5257987403405
2882.5469253526194
4086.6384961335693
4616.350307317386
0.0
