2219.7296991461412
3551.3413494157685
1604.5657879282069
1392.314583208614
3858.8661557918663
0.0
732.39947423906
2117.5154039591966
0.0
2997.6088209672353
2547.973053558331
4364.951393532727
0.0
1108.708264371655
1978.728389614736
810.7498730962966
1086.0751502646262
2400.676300673038
1234.8535707735916
1714.1682022890634
2634.4236855419185
3614.2528692984997
2360.6906230923196
706.5343601118168
2274.7573681991103
417.8136746031913
1950.4319833314096
3363.1831440386054
3438.723875236231
4606.463768386666
562.0339862254303
3114.01423446208
245.09750995677632
3111.4265885287377
3865.322594558393
2709.269683032085
1163.8538423841874
3817.16541436364
1219.9865705900231
2626.1487188955766
3.4797420970500372
1336.3057906124295
1774.2323366500314
1029.6815745884512
1661.2558232758493
39.591543019450796
0.0
2576.2193680009023
4001.749959048198
185.65081211049863
0.0
4075.200236817045
4561.5583330334375
486.50209318247346
2013.7406518034811
2861.2067321117643
0.0
4116.392319818287
936.7010647220825
4390.69534342187
1904.4178341166235
4602.506096402176
502.94657537715665
4292.87450123671
4577.364388892975
1058.1608146743336
2268.6419817583105
372.61544678617867
1552.4705384259994
4618.415176312639
4366.427738458435
1545.5056426865397
1828.8102925065227
0.0
4155.703125881439
0.0
1006.6653016297037
4611.008402496223
1243.0314684045177
3266.1032984452013
