0.0
3110.1444609651408
783.2454302006904
497.3410782467173
4607.761394289645
870.2625420361305
1495.4641995946222
4367.04811343364
2895.8023962768457
3907.162065546247
0.0
1004.1671980936438
2452.473069446892
1993.2063509995478
1654.0375769456205
790.7146182251199
813.2575341356182
1112.1078379141504
4047.3868976683534
943.1843930078164
1183.7120634514397
4148.871802544242
4618.415176312639
1831.0903368889947
3106.462041008581
2630.569013033346
0.0
4615.11664343704
0.0
241.79552347022263
3060.1819307176083
2310.661529269926
3173.959077041758
1541.9505402366076
4144.6927950277095
553.4431606983846
3653.093136075059
4171.55600272744
4145.925819968534
50.143506567999026
4144.891990215285
3964.3024851096197
205.28433755666356
304.661427734784
3177.4218761294806
4139.60622086937
99.06438450874477
2055.8861225590344
3606.0155768600835
4603.3474981897625
4606.369091317135
2417.5395559957487
1910.69194217431
796.6125459645668
2625.340464842929
4134.2194199340565
1314.0302265514447
4602.506096402176
4157.043464843942
1951.5273969962116
3835.6760045212877
2179.7218233927283
3472.939345756056
2033.627104559365
4344.209443606947
0.0
2520.5016102648997
4604.697177237988
0.0
2851.384232120735
4610.593372414318
3488.058288691249
4147.886174555951
1600.1517787800726
1768.30868280097
2952.0739118946517
826.4513742537131
2914.5043395707
3468.1521420652516
2736.788671570012
