469.96936831882414
1157.3379456567905
2545.4064124875517
644.8827494059451
4611.63418561238
1331.143434181921
3638.928068798319
1552.5444617012693
2923.2336227530527
1017.0550584353565
4062.731876570867
1260.5442884624372
1609.1085113022918
2925.4348665912744
0.0
3535.1195563798933
0.0
2413.031619716487
2741.039033913711
0.0
3305.1977443137393
662.3820865747853
3747.8296323603395
0.0
2655.580864890598
1689.8392591336494
2137.307035945624
328.29759681904693
3577.733981778493
4216.403461928671
4616.112891515137
2743.7104408597083
1610.422267995492
3831.994462985404
2241.9021816227196
3640.7200915546
3942.3607980778565
4602.506096402176
2032.4362082126945
2207.66341164025
877.6991607315758
2072.8593227878123
598.8615485449955
4604.662558701202
3445.486674275514
4606.84686571931
6.825430553759614
4242.324941158791
1801.4353237884484
1376.1144785436186
4618.415176312639
3901.8438696578546
4235.7033704333835
2913.296798240206
3621.6526575284415
424.96329225413103
212.18105068915278
2404.5111396307043
4367.345451052746
768.1504008140563
1487.7774876946685
703.7833551563892
1161.5197736844477
0.0
2043.5791587044557
0.0
4083.0773622615766
1658.759671159833
0.0
270.3985669822957
3808.409337966363
3208.471874420211
4105.651328432061
3306.828092416215
1916.1946163684083
3040.146285845701
1622.7740891192616
2043.2046492029858
4245.48714247457
4603.533422040027
