2853.7387789710447
2914.178575060643
2050.8546912245565
162.94477086431715
1234.6483155996034
451.6286824836577
3783.5155015988057
796.7159263937634
2502.8116739171464
1228.2720438921467
3278.5786162434947
4109.99334248937
1122.2008794290782
2161.9492864415456
4616.2547835558635
3007.688392578122
521.2977151639004
2520.019113312556
2755.967062811
0.0
3759.696846152834
0.0
3377.671121760617
1638.4746306632696
0.0
847.1676843533319
1069.1818974403393
4210.73419049905
3081.296361397891
4611.2157797546915
3424.1087082200947
257.8969611212357
3957.617307534555
4593.416302750351
892.4828329456666
4120.899300296078
942.8245899954691
2429.96616805742
1990.5388304451785
3405.0823947967574
1568.9937753250288
34.771761885431836
4618.415176312639
4604.894549528127
4367.345451052746
4602.506096402176
699.0042503401573
2828.918070803742
539.6313984095342
2682.126148940507
3351.2502488786795
3646.7122762879962
0.0
4614.901399988537
3915.541830027916
4602.601436318409
4328.823363390739
1793.238412016459
3568.464462516033
2100.5934526153405
85.05707875997732
1587.9266325173821
2417.393754311791
0.0
1.1765393968968954
441.2478917883322
2277.5452204839526
5.287809945106559
4433.58661405977
570.4735363830725
669.4285866291613
1937.5154944042124
555.9123972122303
0.0
3796.919576253171
0.0
1471.9249981287799
391.30878265655406
3163.8108794696436
1949.0031716493313
