3300.7251507416177
1002.5165069230421
2570.972886615678
1101.7525692578051
2800.90433287945
4116.275725792852
746.8170730259459
3293.1951879837084
3853.2826055070464
251.06972525989377
0.0
3995.206651802994
838.2626990222489
0.0
4602.506096402176
0.0
680.7149295856741
4618.415176312639
502.1394505197876
3541.4319545062176
4.3402910760654025
2192.7818172985103
565.3768997979652
1308.5598325662252
3807.68058269165
1094.3360190834196
2380.1735064426334
4609.862022993281
1464.71041523406
0.0
753.2091757796815
1150.0759955983826
662.1967568940134
3432.2942425559368
4597.1401270182305
2979.7976326385974
0.0
2098.142157156001
3126.7879460555905
425.8319120523472
2959.4354491588574
950.6195290017924
0.8174074609502603
3760.380829526257
1273.0349589083546
1160.9362183846183
0.0
4367.345451052746
4609.095763491924
2919.9472353926963
1972.120808672175
4320.17741892121
0.0
1284.1685951607028
2395.9442228524804
4610.51124311115
2729.1800340011987
1228.1755970241
4614.910218865047
1817.1096451183653
4604.781862809778
4607.522441290124
43.537290820018626
3448.322579196256
1608.8054113812345
297.0393712346863
3968.970278971328
1704.0425920338416
3560.202159386217
2482.4060854557583
1042.8505487365583
3376.812944331636
4616.890885123323
1749.244849522963
4039.8424309375996
0.0
4342.910889272867
2145.0600905117585
1976.8193656436654
2702.707365946626
