4013.1468369823374
579.7047069671585
1367.3323341996443
3265.6213409763996
4605.192252528903
2980.9206414335363
0.0
3272.407917522679
4609.890352241296
2331.05101258509
956.4181094266946
0.0
0.0
3155.4907999578127
1622.740060530226
4616.950147711534
2379.8760206558864
4606.574323869705
1854.6207121194961
1750.6378028941751
0.0
0.3542394475999028
4374.550160263109
2474.9489742928954
2034.7522519601218
0.0
3475.2753851734487
4618.415176312639
3795.309544872126
2073.2921647911376
4325.221688977962
0.0
612.3297878416715
1017.4572591632408
3673.066053871872
3842.42312577195
1181.5775099635423
0.0
4611.339059681757
3554.9031684645524
418.16949179907704
312.3994937357137
4603.596880488041
3545.030213768207
1875.6453258635647
4602.506096402176
0.0
2937.026749889861
1154.1795063889358
4045.71449131775
2785.9148575395307
795.8585983997173
4609.439694045196
1848.1251707893932
4061.976233715389
2853.4447000372566
1155.3984457462277
1431.4436862694029
3285.200215750584
757.9166823337221
3282.4176152115897
251.06972525989377
2673.290291662684
2777.2463420987688
1034.4374657732744
1111.268590577079
877.125893942324
0.0
4205.824235237104
4603.777085567493
2002.0327924020373
2645.25138616637
4607.980368207562
4113.1325154506485
2233.449431900575
6.961856225741274
2174.6850096532435
1585.203041213094
502.17281197843874
282.852096192834
