0.0
1352.2009655957
548.0478348544603
4161.626159662081
2215.9527144893827
4612.590622586324
3014.831009955469
0.0
1750.524537727765
2035.081496336315
4022.105759342735
413.027949943865
607.0260177737041
874.3514277228151
1880.5272946309944
1352.4334515854864
935.5268510323326
1532.4013128302786
0.0
4436.2296821554455
601.5390174422452
4615.482141214433
4604.883029917936
1378.1315811552552
965.2877082195898
3454.4301391954523
3244.1891139350455
0.0
2575.014041529338
2743.1101936335294
0.0
0.0
3766.8943391955595
2855.638537855288
0.0
3165.128760305684
1400.0470720454061
1803.7337429068984
1287.608441250287
1078.718537681551
4618.415176312639
23.992530237316817
2107.615335691342
2750.5184454682094
3584.046814714102
4603.521024404031
4234.907624206445
1071.6623640431949
2668.1581775517434
4602.506096402176
439.7813564769623
1964.0452581026748
2512.5549214560215
1202.3662401654522
3340.5545121670953
251.0697252598938
313.5322376895571
2974.713110444488
1717.3411763963823
1776.6284457432466
0.0
2471.923078507955
3880.7797523299823
1827.6300010695327
3544.715863608381
3703.4672658749896
1898.9061259759726
4607.964355653377
0.0
782.4995718511444
1649.8002183053736
1688.9908028286595
2416.310059747089
53.35003787964751
1192.1260801368383
258.5229991754899
2364.4192847887944
1774.5320563940902
4060.457706213892
4055.6319908035684
