471.2540647210122
4113.84811902763
3678.7706047744996
2994.132443977474
2203.471997339173
2707.9496461468284
3815.661309454849
2594.6891294633588
1681.1759265738806
2991.633244276345
507.5489966393478
4608.573272408048
2786.451209573342
2175.4652386140733
4112.729634757437
2380.7251263295284
3318.3109736196384
3229.3164262063187
2661.7470489966818
1655.4177296648354
1191.729160389874
3949.3330998340934
0.0
3973.7018649852844
3360.402827404728
4604.340435072479
4606.802933797009
2423.731656082054
0.0
902.4948884328103
4309.991196105431
1585.5410175827678
2899.557115000061
1912.1117842069702
4220.629164124177
2032.2363381826653
680.0320750541346
2146.6745649100067
4595.328594989615
4614.64935278918
1939.5922651536857
3137.5880135747843
2329.1175924200084
210.15743489113248
1229.9773209770551
4367.345451052746
3704.4134128061755
0.0
4602.506096402176
4066.5625637373637
908.0334977300695
829.5975595352787
3225.721203360909
2981.1183746881024
1460.3594249742546
4618.415176312639
4610.32833605714
0.0
1439.415801288217
1415.3344736896074
3909.7587835057634
0.0
0.0
1095.275046109396
1869.8854386656783
656.6957735123565
2282.617718413141
1260.2931077835221
3750.5794616920657
2323.407810912881
4615.924192333872
0.0
4617.206226046354
3863.188978437447
304.93700957238184
2538.2038304947996
952.4997397318821
0.0
0.0
379.7844021211912
