798.4840163824974
0.0
2768.901039212785
3845.939388160282
1899.747091336485
499.82229085853373
2353.996155994492
2188.296759693209
2152.358463605556
1810.1453222541645
4014.6526064216378
3187.909330089571
0.0
1511.5160276092786
2907.4951190972165
1179.6934884858822
4297.716645866579
516.2601822112597
1559.733241913733
4408.929557711545
2586.1786460717767
0.0
1648.2170223748549
0.0
4608.434226066057
501.35071287727845
1434.3406940679752
3675.4945730215186
0.0
758.2182107093504
4616.976187855103
602.5389171453204
0.0
2248.3333085486634
3364.8610847733335
4606.634761175697
4602.506096402176
3062.9046529901984
4005.4460128595674
3739.4902178330562
4605.294079586205
0.0
4611.33654852542
2938.3317986408665
289.0135847527224
0.0
1276.2844184298413
4192.542641123452
2786.0496271815823
1690.3242848226414
1240.0860140994043
251.0697252598938
0.8235902552625023
1073.0096139113803
4216.99345973811
938.0021882251965
1965.368765222585
2463.7000845273487
4336.975051924639
2987.5884683596655
1142.1607345736195
1982.1784457170659
4618.415176312639
0.0
1910.0766315969443
868.778023758191
3588.4953353327023
4603.912910972348
3325.8469679656646
4614.247389226174
473.5897001134466
0.0
3543.7943008585453
3287.678177627562
1722.0005224285728
3465.7705389550188
3377.8248964061863
1418.9536320792859
4303.550975420021
784.1639399934379
