4609.432407466817
0.0
1577.7376524168037
1175.928254101688
0.0
2368.43229261083
1967.4809493711373
815.7576527468462
0.0
1207.8755589064929
353.4547503447243
3000.0297849448552
3632.191638405983
4136.820432037288
0.19041230579713578
4278.610164698838
316.23506239363036
4578.17630234581
3020.281561845473
3248.556555304396
1844.3414290657572
4367.345451052745
4616.11856365167
4602.506096402176
2894.2766833505766
0.0
3519.809547421682
2410.2569394310876
2895.5758198440703
3963.141360097605
2684.406298507695
0.0
4359.476950227802
4618.415176312639
4287.685299117836
4605.578850754916
2310.2273411355945
4109.95484511889
3408.4821458850133
2493.422874935517
4180.374801727072
974.9734497927748
3.530731222833942
1198.7939566055652
3129.7816402676162
3599.4908484075613
3022.266810062743
289.11876630937945
1372.9386647994218
2071.0438555468368
0.0
1901.7081799726063
1773.7891114043782
1939.668495867481
1457.9135644968842
3859.7080374380153
1914.4592273553928
4613.576837083233
666.831549591368
3143.2707429180277
1109.0980591808034
3910.657947753239
1289.431632468161
4604.096764832253
261.1816840683538
3780.431383710109
504.09796329631797
0.0
343.1283104518785
0.0
0.0
2091.0903048553228
1415.1235666607058
2620.3466249352186
1282.8099742849395
1979.686951350052
496.2667900092217
1722.0753898799992
2717.1873025606337
3459.669246284541
