0.0
2100.9129432090695
2315.978781356815
0.0
4614.979091868478
1604.9497500839047
2804.465420978761
1484.5800235566867
3054.2929432375695
3534.533063123665
0.0
4613.458883438096
3396.397276183293
1151.3889266951987
3518.932969875299
1514.0347818481264
1761.3144499079108
250.18511258397237
3818.666799689693
2429.6690559922104
4617.242856598943
3519.5658850606405
3286.3855391190264
1289.5463598469291
764.8567569467484
0.0
2617.819968677034
1127.1125574643524
4160.0222087619695
1108.8360494559236
2720.6757697237654
163.2194996816885
3747.652823223541
671.5374574759946
1176.2354282578033
666.8765855888314
2602.88932790869
1027.0043922271645
2017.8400186732222
2908.593110254879
4338.327125658347
937.4659736378235
2908.14742836025
2728.7161074666174
2226.839047345134
440.5030824139843
4562.9858993662565
4602.506096402176
1388.434960834062
513.0449682189239
4343.426996669794
2233.1161026495583
0.0
0.0005102445319616828
448.73027233229425
4609.5137928088525
4092.357271409899
0.0
3943.9675429156223
3010.8240987584027
2057.016672794125
2151.0233510366365
1940.5046685535644
4618.415176312639
3265.9543927703417
1983.4909487882328
3926.5151743087463
640.9396534648586
4276.899965531595
0.0
1873.0241916311575
3541.8369234549064
0.0
10.352226177753106
0.0
1610.3604299106416
0.0
4611.04793154252
4605.437898878265
4152.952951027574
