1497.1961943407491
2315.187956716144
4612.5425413743205
2556.8002562833003
3752.968220118405
1229.7740134311105
4337.980030944469
2062.6658963228665
0.0
3451.6874101373096
0.0
2391.1531497600645
1122.4194975327966
1175.574756292842
4602.506096402161
1414.2815827923855
2849.586165125532
1892.8876768919574
1273.9644166291496
4274.9108986609535
4616.951805528972
2724.4890103863827
3253.0705862563987
0.0
1053.8145233902792
1431.5073962551728
856.6798256998196
2739.6781686932495
3391.660833609677
3412.1331617812084
2368.1410883075323
1345.969252230765
252.4535407402849
390.0731411676901
1119.725133273179
4607.114871945343
4.3138614231384406e-7
362.3086770158749
3787.780359932158
488.3047754085331
3645.209297094311
4268.982177177489
4614.479099630578
4618.415176312639
1778.1892789065544
0.0
4049.1696279884195
514.0069424165276
3638.483009668037
0.0
1736.1314467736775
0.0
3150.194863678799
4324.284024239511
0.0
3537.49845543621
1902.6788716446865
457.5579633635985
2299.367542860471
4604.836477926564
4204.938572863908
499.9371633174374
702.5548182771281
2394.3636763140576
3803.4610644383924
4609.896767346999
3090.7833707194395
1482.2280078463573
0.00010225704008771214
338.30295247391007
4219.514729793356
0.0
1186.1048913509771
2991.797465514385
2220.69843704568
251.0697252598938
3915.1098182491214
2648.091096194775
4094.2351614134304
2931.114253901474
