1045.4658787515827
288.72123429273256
1823.3552698414783
1390.81288547337
2881.0394409393552
2079.033376349743
241.8188587525917
0.0
2279.5269376890783
210.74983269353646
577.3105782572793
2400.5187788884655
4613.6270339997955
2421.1085176390143
1441.3291040135446
1084.9613899380358
3991.9627514797266
0.7030561372645588
2592.502216273963
4611.377288749099
3212.4611097809675
0.0
2153.333160311126
1686.404524407944
1217.5723544298005
544.5375554673992
2186.74098412532
2980.7255396508526
3982.2546245113954
4606.698072471159
3321.84492164044
1489.51974600756
4618.415176312639
2749.6231581765314
2306.0057466993685
3641.9502901946266
784.4453107817596
0.00015180730053434066
892.387874360151
2742.627388329257
946.3123203525276
4608.9811182980175
1941.8956286549146
0.0
4603.992891070385
423.0618368792492
3507.257316045997
4605.256784576403
24.770946633472168
2746.4269164617467
1350.7278491051052
1497.9264403610512
0.0
3742.0403352037083
4335.869592328269
3898.2745516057844
3377.4765338387706
769.7803879202329
3661.3908032967333
0.0
0.0
0.0
901.6213579003856
4293.882648918005
450.74918462818357
2502.937741156857
1272.3411224534632
4617.150484740492
1580.4193654457276
4097.414313636081
536.5646006018503
4122.498818348751
3212.5560375064674
3190.139432730052
2204.950234382282
4602.506096402176
1249.0087009147599
4348.925940633555
652.6792465825376
5.978569510251196
