2156.483109950989
1513.7564160696354
3381.0929866867696
3106.6084737165197
3130.133517314873
3661.6734985748153
1916.2003375651645
2974.6315920239076
1484.049717546548
4615.181665157611
4602.506096402176
3502.8086761006302
502.13945051978754
0.0
884.2337927095683
1309.058587520044
1764.414914581066
528.5621786744593
777.8690557463647
1528.029737479824
0.0
814.0551887388431
3840.2622841960897
1886.0358509738817
2232.0661354050344
4618.415176312639
1253.644824556981
1272.3326200133977
1004.2355946802036
966.6872321176097
4084.8786409978757
3716.9104471485716
753.2091757796815
2749.0226444805794
3226.9993936930864
1961.0566996281475
3208.968875576011
3582.290329940861
1848.3265903446568
2980.6854926245073
708.7460658334402
251.0697252598938
2830.360066459206
4603.415722806356
0.0
0.0
3925.086831296855
993.7986308647166
4610.229153169702
1394.8845561931516
1532.8810170673019
3910.3771309644226
4367.345451052746
4321.328874572269
0.0
4604.434105037025
4596.508287194248
2392.905363390054
1.2953450856612423e-6
4116.2750155832855
0.0
318.8632702892263
1937.601321426155
1612.4286332530367
4117.116370493033
3805.9718862031746
1099.0797261631596
4.719464973869194
0.0
4607.063689204785
2595.0440991450046
2514.4102478678697
4612.926667423724
3041.6645295268227
3760.7279244753927
2212.623745122402
1483.5663779126508
276.95779302259325
2601.5691289541137
0.0
