2041.0688499272296
2701.8095060961678
4618.415176312639
4608.739972676001
2552.570862682348
1130.7702703859034
2969.208844334352
2415.8775826615883
0.0
3563.7703504838382
3610.360354158056
2839.4837549317654
292.9656015406455
0.0
4000.3201133787525
1920.1385832401284
3677.89451614424
3058.532332355747
4348.404864970058
643.6847077278964
4384.83853521987
1274.1936965802527
372.8781615684596
0.0
4116.2757257928515
2047.9692090951244
63.52011296249206
500.1488668614463
2370.5525571309486
3963.7638393042753
0.0
3639.2734565670908
4610.354410371458
4370.341308208097
2530.620586611582
3221.1005826537503
1360.4266745655095
0.0
1018.0534041567657
1700.0904784307731
3319.8795999236977
1696.5245846911816
2958.178417941631
588.3456535181201
4263.519250292878
4353.3149974305725
3553.421727907525
4615.390232159876
1000.429586816947
1849.0422535929326
2610.9620506042825
4606.510405228422
660.9023844742275
1508.4333124156094
1601.9600421677746
2196.6986047680043
0.0
2203.7303858793375
870.5348273685728
3614.136275273054
4613.303983403036
1137.0600106754123
4604.343447687678
249.99311236375434
2017.1801381099156
479.6379362452087
2648.922246245409
752.0612972749084
1871.8755863092008
4298.798096026413
2452.5276985835585
1457.797962187776
3865.206000532948
4367.345451052746
4602.506096402176
4095.7645914921754
1915.2477161659542
3170.6725362672696
0.0
542.2583976272856
