990.9315607181803
1980.1471596122576
3593.0821370782173
251.06972525989377
341.77216407605096
1423.4713449965786
3774.5623897274745
3890.014737542434
2107.8589527335207
1399.2762133522685
505.9517206856578
809.019075501579
0.0
1111.2456525420507
4614.873634270238
0.0
4618.415176312639
4610.6652935123475
3532.336554022583
4242.332856611646
2157.1092607498535
0.0
3845.5877251889224
4.568305204202718
3147.5608155653294
1211.5096632182021
4607.265907345179
2396.787272534163
789.1914253963273
1154.3493707003558
2270.920594905115
4602.506096402176
1220.0085366004205
0.0
3277.4484034639268
1193.116281198577
3391.438405267061
4005.9255055676067
1806.6486353041228
2834.7926163832153
1732.6604835634064
2800.8752118410493
3929.9121085862403
4351.542579422217
4616.925936979173
4093.7120979398856
4613.05720289805
3952.680903387846
1126.2893550042477
203.74759936991805
4367.26183719021
4605.322104211049
3232.513401638863
2656.212759714266
0.0
2438.4412522501952
3181.04431324464
0.0
0.0
1604.2568269466258
3826.972988268757
2236.4438222005692
4608.999226511872
0.0
1066.2183647361444
3055.2153751929995
1821.1668353865252
1451.465304455662
2796.156513126477
702.7221081596844
3104.382492574455
2910.75637494145
4100.579062442259
1696.1081621699423
1481.0603020034898
0.0
1225.2485680802974
590.163302399789
2889.8860688150758
2514.254816143736
