2832.8029262768187
2011.5410483974063
2962.6864283887176
277.2719532170462
690.0810628437878
1428.4591199276297
4072.9022990924313
2199.2657952113514
1867.7855636231084
0.0
1344.8500196044188
0.0
2413.32470698935
495.04153760131965
3314.382051003119
4013.1672426246014
858.9788789548588
4588.787547897135
2342.624185218646
252.2435015739784
4606.76802105312
4474.208127012218
7.654736449810592e-6
2840.3267998744186
3840.722838545746
2574.074247916097
3367.749773438294
4603.990144022862
2503.6005698550334
4300.017497764933
4618.415176312639
440.6906465304987
2268.283556031228
3614.652439851162
2442.7652310421176
1292.2301373517826
0.0
3806.495747026479
4246.727414646422
2589.987109547649
514.4513929194142
2999.1969067974906
4095.4362233846095
3538.559597448247
1627.1234150907142
4602.506096402176
3683.313181868846
1132.2659603332972
1742.1498408342243
1206.4386018191847
4355.405128947505
7.606242569322255
771.6775594483966
3560.356430671402
3513.9593728597947
1112.7411446451927
588.3031624750241
0.0
2213.821240119277
0.0
4615.170721304907
2054.7562443993393
1446.5595948776731
804.7033733769139
1305.0452315900054
4592.254965406908
4318.754535237011
4591.201039803449
3250.23777572097
0.21641891364481058
3409.077596473403
0.0
1538.6097632159876
1778.797303014187
1130.3568145051936
3146.2561613247976
4609.0693365104635
1825.8269334462695
0.0
0.0
