1402.0958475631396
329.8101586976593
0.0
1507.255138991951
529.1863633512646
0.0
252.60483441365267
1772.0116196221397
4367.345451052746
1703.464377698009
3041.186957518369
0.0
4041.2140427994555
1019.3331951729544
516.6933632763471
3576.6308251159144
4618.415176312639
3711.920051580909
259.6805317452372
3575.735830192434
4352.767426583931
2087.815706460231
2325.9809239500355
0.0
2739.8476262035324
1946.6338915511258
4215.014955979423
2121.158040017507
1364.9282190892577
0.0
2879.471807829334
3697.4664724458257
1391.6088675899173
655.9461754179513
871.6283259737297
4116.275725792852
4611.049545911143
3693.9142627106617
1488.6706349286105
4605.482051691272
1164.91329553124
2605.863512275402
1779.7909907896606
2498.931539413848
2516.8682986576027
4609.098451066515
2014.6713640036742
3447.8942392695576
0.0
2342.357432130336
255.42511640911076
3542.9270859147728
3224.780127209158
1180.5359677455936
201.06937167493675
583.7074693682542
3777.7950117216005
1414.133958049723
4598.1314249311245
1909.409607708109
3012.8041139859406
4615.1321788500145
4602.506096402176
1370.3911637979843
785.7645852356106
3694.158936762717
2008.9882708228813
755.161203239536
0.0
2235.0615823004737
4378.449243746101
97.3139407084865
3860.1587765052027
3150.6392040851533
3658.528895809478
2941.110309357895
3503.389122565638
1887.5331996251655
383.24721834697925
0.003879892784728894
