2594.536675747367
2119.519449035668
1343.5818462077814
1557.7053178791837
4323.2954497397095
890.8705399254733
1113.146474615846
395.0724157647379
0.0
1025.7505706078202
2839.292289788401
2043.7909619352192
390.0008993818436
212.00815048320987
4612.59893760893
3676.813239651211
1794.716011071394
260.5549629574623
2330.617440403099
4604.222963760279
3136.830364947152
4606.8470760972
1429.36470312439
3378.6251624533243
3729.410227218073
28.344978540266915
1658.9383025414336
1178.294372176628
539.6139977651749
4367.345451052745
0.0
3183.8973601777
3073.2405700742047
1568.274003009139
3146.672567615007
2451.964520332661
0.0
2795.0114986549074
4602.506096402176
2849.625257536838
3830.6011793867456
4290.223957859433
629.9374265365404
720.9940048877156
3070.3613690295506
4610.2430625199595
4115.471219070638
2627.056377893434
0.0
1789.4227828462351
9.106927171813637e-9
488.1154849092251
2269.8641411640483
0.0
690.2256184108037
2128.710025563385
0.0
3563.7385800183283
3378.1503292107955
1977.3295532582608
3841.15161946275
800.1567509686112
2018.3048611389809
1753.7146712817635
2776.8989587083074
0.0
862.3592238141466
3188.0380070932647
640.4846336673619
0.0
4131.003453562112
263.04046205708306
4614.667705836931
4618.415176312639
53.020737042091454
811.3086178688844
3996.4292287562976
2103.30955981666
382.7631874189475
4608.44163089607
