251.06972525989377
2956.9408164011766
1462.1264008594057
969.0057624487893
1348.3364958825368
3129.417551304099
3098.3233230872374
4127.662631787917
1618.8888141806137
753.2091757796816
0.0
1714.7814968829866
3943.86853651796
3133.66793137909
4614.503906340519
158.40810830794507
109.75910883705677
3365.283439975928
2819.338322144268
2121.4559607518186
4255.556128917866
3653.102396387331
2224.3801525745043
2652.674509538626
1001.8590870099137
3794.6645247817014
2372.5267393353856
1166.601566823041
4367.345451052746
4032.0290564398397
3498.1893518909333
0.0
0.0
4602.506096402176
2146.7055772462104
410.8259326607048
3507.247862598594
852.1561661952263
3427.6031383365407
2601.42392682036
3345.9899975874355
3865.381528113035
4115.577414200226
502.1394505197877
1999.1842678164826
2209.894708992796
3541.0032183409467
1369.457560221129
4608.634840333814
4616.439254755779
1067.214892528974
4063.7670603064566
602.4148416641231
3776.9085253174812
0.0
1660.934887216244
4603.783683557204
0.0
2382.5599947455385
1105.8591908421522
1414.918219571453
3614.3118028531408
1004.2789010395755
2823.582567849109
153.54086539011138
13.141140110059851
4605.47862332716
1868.7441024453842
0.0
3068.953189329698
32.157538916299
365.3761669417041
4611.119989703283
3093.8396664413563
4618.415176312639
2272.9196149813256
3665.909368049174
759.4346197565131
1368.886960583261
2421.6973171941713
