1123.5205729680306
2569.6497273467958
4607.814304535454
3425.334046797702
3090.9898125844065
4100.579062442261
3994.564721838819
4604.4302102365245
2698.0324971724735
3830.6562519225063
595.5650273087027
4521.991394329373
2134.6224131563445
2964.442112437029
2752.905321583722
2832.6027451911345
871.55786977904
0.0
4612.213561688907
1953.8913919040076
3291.3045248531994
439.24243744442265
1917.731502861401
1001.8670574161213
4588.795777584327
2240.153968628184
3909.5565281540885
5.853253948119951
1225.1577438288496
0.0
3590.138747812191
3842.5566101664335
1114.9624050087514
0.0
3406.099820056215
2071.834407766391
1649.796687263622
2669.5406834920323
251.06972525989377
4351.542579422218
516.7661406886435
0.0
1137.9774397127746
3263.7333102553557
1658.969779507913
4240.388331753474
1447.6799115763768
583.3901124141905
4197.957210055089
699.8929372910602
2277.7327022481513
0.0
3653.671456374889
0.0
1493.5150377952696
2544.188475144611
3138.7490895653937
3268.8197836185473
4610.177448890947
1106.591605013054
0.0
986.2900930191827
1690.096003956965
888.6325315588255
0.0
4165.216850766511
515.2842909845618
4602.506096402176
1393.1456672142301
1729.3241810315308
2998.8274555843923
794.4905445624065
1934.8912321637986
1307.8021338511012
3178.643801372187
4618.415176312639
2360.71359573642
0.0
4460.151332219472
2220.8491160759204
