23.031705812939293
2589.762080891541
1520.4564143455991
736.5936252774386
2021.3082692091034
4376.667662210369
251.0697252598939
3350.159050902954
1793.9914792116679
3425.737274244613
2703.322631493327
4618.415176312639
407.05553632920953
4257.047254620031
1499.2504582554666
0.0
3785.524416713531
12.076484653898287
0.0
0.0
287.68847820061825
887.7296216655477
4610.360630900722
3882.2919996926003
3223.242728906729
4351.542579422218
1665.3201329280882
4603.906138062748
2295.3182902375065
401.12023422056717
882.17929684562
2821.068736705839
4341.952809913821
4178.565575281427
1833.5969045164961
4023.330013484555
1216.7006250048414
935.1674324364875
0.0
949.5172776807435
1098.1394902231275
261.9599705976917
586.1164217757959
2867.3883056719333
1899.9588241661236
1420.5380598493348
2642.982222531694
4021.825892463935
547.7859774749231
3501.2452268823567
3368.912738821763
2950.7257208953747
4100.045643150537
2312.5449823542167
1253.2365511270891
2521.8852410916647
1599.042594265572
4226.571438686445
1110.2214959345454
2364.9710932251323
3086.442650653299
4421.043593373689
352.09474440624047
3392.789791289392
0.0
2709.2997553500563
0.0
2147.7110324403848
0.0
598.9975938947757
3262.061434316167
0.0
0.0
1441.9953655457052
2525.7055229622147
4075.5574464348792
1306.5279081408435
3069.4080130557704
4602.506096402176
366.4805578162845
