3166.7904205131986
429.8103521100492
580.7571366004059
3610.7816255334587
4616.140092842963
1808.241435645617
4613.244834210676
1448.100865688933
2752.702369178617
1816.3422797875255
1708.736629656663
2784.785663212749
3704.867618492735
4605.021914162686
2452.395016139631
440.6857223084146
3867.9073429571126
262.1615157259818
1082.7860007790705
0.0
3950.603555980907
0.0
4618.415176312639
1180.1186472824934
0.0
4397.601311774601
1639.9045869759943
1304.5080633846865
1609.2460169364197
1349.230637271448
3429.7810095655404
2580.454744855422
3946.338495009466
3310.4794577978923
1101.919030476383
4295.373363166241
933.8665783221693
2604.6269005610366
1786.5912830433026
2951.7497824237266
995.0747620519013
2660.813993097429
0.0
4168.1750497852445
2286.7641013307734
494.4291437242935
4033.1631751513764
0.0
4610.241619660975
0.0
2136.9713497208895
3908.384487348456
2023.6604364954924
3453.1325676473843
0.0
3406.5600368951914
502.1394505197875
4602.506096402176
0.0
792.5084607094009
1477.4188187089612
4606.822206241237
2899.968201740053
0.0
749.4446983109713
4180.008778165265
0.5525323850437389
251.06972525989377
870.194743389293
3152.4468888864594
2060.2236102491993
2235.4921925822227
493.9832501848858
2266.817062783255
702.8343084693034
430.3821531880664
587.3298231040649
640.3661693087954
4106.274473378271
3012.669080382836
