471.4357611908276
470.16404169966665
3487.8174793680587
2856.107199143366
0.0
4318.729055568563
4611.214117079189
3549.119641308403
2828.255061916998
1634.454762863985
2090.8717842770443
4245.379897535923
1355.3771533365357
0.0
1868.90605379044
2411.828451039562
4618.415176312639
484.4672082681371
2256.851282677274
2719.464308548374
3266.4536048050477
1353.9163932533306
659.1226009890308
0.0
3965.865120590642
2907.605202610287
4602.506096402176
2223.632925058925
1100.3787729858273
3414.990740978017
4612.41128536282
4138.457065138426
107.18536009065474
4614.74561913822
4607.492953182117
702.4406759609848
1970.5068690269313
4351.59920346464
1612.048321318023
892.0793905834846
264.68191896959416
2684.4920549490457
3538.16186770805
2174.610155197096
3824.120450383832
3026.2549628999514
1606.3824458156412
763.7781072034513
4024.845710591475
1058.243991468839
0.0
1796.3688680965902
4358.389563549788
635.6012793903393
3470.8179900706086
588.6105513470196
3530.0225461371356
1654.4729426226668
0.0
0.0
486.12326513322205
3185.3869940365944
218.36806070611416
817.823794525545
4252.008514541423
972.7536422143785
2597.401692995747
4351.542579422217
4576.859989225958
1991.3728197735709
3310.4409842917494
1749.3961843272978
3674.006421685287
2504.9631785577594
2699.2555381299608
4488.732690472829
0.0
3900.3890498834057
0.0
3058.853309326482
