2436.027550370817
4617.229121163282
2880.3168551913536
2087.936152043141
238.25290386625989
3461.8711722981943
0.0
684.2555237496865
4604.601272576082
1252.1641462142893
745.2057620736834
1329.331136268309
0.0
1857.7645308601268
4614.881145638416
639.9469346363737
542.865938423992
4014.225354888843
819.0020340139515
4608.81781243227
0.0
2386.3887741258022
3551.2945727794813
2266.4871818864062
4618.415176312639
0.0
3297.313772012448
0.0
251.0697252598938
4210.241604573526
586.1816339092818
4610.723696221278
3005.4501767311713
3097.2609630388433
1688.7918404462491
806.0066603986796
1250.7725318523617
2323.4481503212173
594.397121408583
1582.2946976879691
1408.1548173106316
0.0
3776.82291735099
990.0132461055364
3796.424159978993
4295.339907103296
2656.9640715456435
4612.532165269452
4362.1598487431975
3420.542598793164
3950.971008259573
3183.9342755980624
409.68877293773
2751.998515186291
760.6345629028392
4334.3932503300275
3055.1755739104146
3186.9091841603467
2535.5099298593586
0.0
1887.6888432284593
349.0952770497612
1018.4276324973529
4606.029335963781
2616.734668161132
4346.660308948825
1220.9934880047367
4602.506096402176
766.1544855450603
1404.0260440340971
1704.298793222181
3511.8499081842756
2474.316590481619
3471.630412009856
0.0
3678.4725973680233
0.0
2179.778179960617
4086.8623885430584
3822.4785983127135
