0.0
0.0
3311.0037980228685
380.1767077113962
3889.890872475275
2253.0759648486105
1728.941308794027
1219.6991209035402
4605.624403823022
3144.1993149752243
1107.6283399153062
0.0
1886.1217086689019
3702.1678174076933
348.7290043322551
0.0
1852.263674949581
2950.4468651678512
3058.1548424653697
3747.0203886992244
4613.238784545555
824.5222781780155
4604.411942793161
649.7994349152045
0.0
4304.45626066706
3890.851968009758
595.5145995587445
1159.6105381268305
2719.649245362761
3665.0148092049885
4451.422962158882
803.7785084834109
4618.415176312639
563.7562370607112
0.0
2582.985652724687
1996.4798317870384
4606.903993218492
4609.507618368802
485.44614757080075
1478.8286451779918
691.4203722158027
1782.5106634917565
1568.8502923907026
428.1511259006384
1264.1547433475703
890.8274852504028
1110.0735815856522
1223.115635817812
1917.1517463471164
4603.387941751316
0.0
2.916510439019122e-10
4056.7111290864086
1018.0115094533478
4001.9545063229025
1252.2091650189325
421.49822184815196
2346.7931122935042
0.0
0.003717728622562339
599.2294805940152
2855.4320310265157
2.7435012344136807
0.0017148897446545956
3553.575423730843
4286.108405151643
2490.8475165276054
4610.9826969332
3171.5018571780097
3559.4974965671777
2104.7614287795473
2409.869091491756
3174.716372336803
3195.922614939135
3384.3972508445136
4602.506096402176
4608.275095628232
4615.448020699145
