3504.1941589102553
4273.31886105003
2420.6799637641393
723.4761156333409
2301.356038168783
3659.3680042978012
1111.1664052506171
2480.390101321927
1134.1679631823488
2279.8093779485116
4345.688381494428
645.5117468560015
3794.5111600844575
1969.641812056409
2958.0382188179187
2208.5255228285355
3000.6427254236564
4602.506096402176
0.0
1807.0963166437716
1174.7245905168763
4335.551052501495
1276.1713646124294
4618.415176312639
290.9306542388766
572.4720211757959
4607.061657789275
675.0988860910838
3527.8807046002394
2772.240057014951
940.8181403439329
0.0
0.0
3948.0708415284967
4369.238444828652
1192.3943792002988
408.6610932726822
0.0
4609.638450209337
4076.21590527844
1246.4032130971511
582.0827189758584
4603.335133236931
0.0
0.0
4604.504626759455
565.1092717679558
2402.2576038617617
773.3095700142957
4340.358253033084
4605.7594078335715
4167.257675531396
1763.0023819813548
1635.0204388394882
2663.4170146221404
1470.305782670272
1348.8249077127375
3817.796707365731
3044.2433069645017
0.0
0.0
3208.111943352888
3175.0185417143807
1215.3360616024643
3482.5632002464454
2847.0092962502276
3340.6019465506606
251.0697252598938
1912.1538008818775
4075.6657305805356
4616.083142989535
1589.840791733454
2488.613827545515
0.0
1932.485649511652
637.5932357253924
1268.4728297914523
4613.448280095411
3253.124433650362
2468.0708809213884
