4612.268764567032
1964.0184452756673
1391.4855370663645
1438.9353910339867
4316.444686479879
3098.0574960237504
0.0
656.8744319793225
4605.010941575974
4618.415176312639
2510.338281472355
826.4193613238822
2644.0781643487862
1773.719393309183
3369.097334767861
1926.4000183779817
3947.8431421278765
1274.6979606068473
3922.2523193142033
4610.143071494516
0.0
2262.671458485417
3176.6830023457724
1304.795013419881
2283.615773372379
252.7178347186213
1930.4911892560908
4160.395268592862
2794.924935105219
248.43810804205586
0.0
1850.2066284616183
22.443938380479036
0.0
1627.6734068011353
354.5587642708375
4440.697843100935
4613.778438706656
1754.2412062233768
2326.1129363487294
2234.119563004254
2751.269670812586
181.10533481491078
3290.960195121289
4367.345451052746
1196.2826856346524
2578.7480051704592
3041.6103948827867
4352.854740875526
1434.4726127789625
434.92026460385296
1610.8109231027229
1398.137177396778
2205.1276535758516
1863.0115698342338
0.0
613.2927106473252
4305.466632437045
362.7853015209995
2406.4315487021504
0.0
759.6973572081275
4615.158245019046
986.2940279912766
172.88018902593893
4602.506096402176
2919.794993896723
3478.6414348046605
3923.0221575900646
2899.8647231667774
2893.6240640233013
3466.650063543495
4066.1151512035844
3855.982474412571
3300.9768613800416
1580.8197946913942
4443.36732530522
3802.2795633774076
480.05892371995463
505.7805550128407
