3343.7691994793986
0.0
3411.2391004375622
4338.08536006438
2255.2107822532635
0.0
2431.613109528418
3753.5870813948422
3956.811868282135
4287.13793801735
1328.4894988335245
368.03841992858224
297.04575870933076
622.6944500619929
3541.5689001636547
4604.683606681785
3398.279070839082
0.0
3944.24235352916
2874.3427991191666
2589.1834458338744
2743.325672090378
1724.2555322616138
1057.8844424409638
2625.6980447769415
988.2995212346628
1657.1919745941868
2910.3396361995474
4280.2458241883705
4618.415176312639
579.343804180669
2269.247825044877
2085.026000713008
4612.403035261416
901.572377965948
0.0
2646.279984216116
240.77645893412085
2950.532781096112
3819.032451702801
2116.977224576826
1051.4580791959772
3367.435631338022
2512.826530998348
1251.478793093833
1457.1887036365172
2384.6719799160996
47.23771945459106
1170.4367118722134
1972.8501419761685
1466.7985178217532
249.78155976662478
4607.378474608634
953.1539316564265
4367.345451052746
3021.2577833654905
4609.933157661642
0.0
4602.506096402176
4106.959133904298
3248.0876344156054
3657.4044210570164
2324.214702744863
3760.9158498796164
0.0
1759.3498652132726
1663.4807475319142
0.0
3454.6493059600994
1591.1485636507505
4083.988393008849
835.4745930792734
2896.713806853617
326.0207027715365
2804.325822663962
275.1855276923068
525.8272318666425
1214.6252883075565
4455.476126959389
1538.2578641267169
