4615.74358907631
1848.0866401449002
3545.315650072362
4078.2089283461232
1806.5987410087828
904.0785583842677
1055.2951399840063
1044.5470313158492
249.26775839462698
2647.929035051916
0.0
1219.7668742441392
2415.076653051886
2341.0862317695496
2296.824774559282
1518.048723009983
2624.5848682664337
4605.620332925465
1007.7410065921661
4602.506096402176
957.2192445507301
715.8067635563818
2719.869745427882
3311.115629816804
3579.1230265686913
1893.0865986103772
1637.1842185525911
4617.102072818007
2143.4080884679015
3055.4209922227874
3898.451988511865
4122.629807063447
1330.3504766909937
3781.5481814282202
2365.177196697546
759.2206296576454
4367.016055540946
4047.9245292187084
4217.567103910488
1721.8984257586706
4618.415176312639
250.68643686258426
281.63493089938044
3041.543739716659
3292.7672289832135
1136.7097856587525
2962.3387422151404
189.31656286032535
3301.8857648752214
2.2011352807866847e-12
3761.0221587155957
1188.5616850472438
2452.674043514607
2519.0152046399508
2627.302239585775
3950.8494855747686
0.0
0.0
4603.984416722155
2869.7304739938727
3413.769753801132
3417.611293895529
1401.4966466542344
644.4656593718429
4204.520756672736
169.3176355961182
579.2175716092967
1280.9533502017368
4063.8316468355974
4111.99551921173
475.5035570161913
4613.702849939859
4154.021214602059
0.0
2335.4419947662473
379.39309325143427
0.0
1737.0372690790919
2116.3067590143833
1018.8380616109247
