41.029232512471474
13.160182322187062
737.984735847832
3407.0169449000564
1232.8333222255537
1605.012581812592
4498.019313124769
169.8220621345719
4316.63023160335
0.0
4126.96172309763
3357.8292065329097
2043.4672792306524
1048.1774978637925
40.85108098346123
0.0
3731.3503906789288
237.10477065851816
1040.5612500360155
1376.7399539840258
4461.4026510409985
2975.032128044217
3530.102357403068
0.0
4398.6205955255155
2582.9130003579503
2329.4117814614515
1647.4809002329496
4313.722085747788
1855.4334115134375
598.0504936771267
250.1180137351389
3520.135665133832
2775.9937719855793
1895.4291550941316
1476.312061460885
3568.6744392880682
297.013513470593
3120.1858210138653
1728.2176390772806
445.1116774203016
4087.661909537558
3803.8267128822104
1289.9116975511688
3647.695465674744
1768.09215984965
4602.506096402176
2242.8709127453376
2579.8796453000473
950.8974581916168
1232.0818623109171
673.042125120886
3271.3862055024333
4351.542579422218
2526.0232998362
4618.415176312639
834.8990881281584
2994.0140309437347
3364.6283371101067
2147.617654565465
425.63264981988283
1992.578478458378
4379.875609233959
2932.1439906122923
2211.723477739507
4350.03922347162
0.0
389.28328133004464
4171.523913852452
296.8996292728289
4042.680469628165
2426.0751191700865
0.0
75.18713725516403
3131.814401531378
981.3426259627084
1880.5037104161697
4575.605805423672
3980.24441333716
4613.935640608186
