3547.2267848557226
0.0
3724.7526654862777
864.569015666122
0.0
2204.7030207701337
529.2618075829839
1752.982644380693
1637.1801303851444
2399.0472357591243
1730.7903168175017
3945.3245085970843
0.0
4602.506096402176
2928.680123413309
2935.66284777919
1490.6600027820639
4018.5004320834396
3219.597256701758
0.0
1003.2765007804692
1931.1068741252145
3579.69052591128
1508.1338656974274
1489.7566991224744
1339.7080685113733
4617.082376656326
2636.79965523191
753.5255416406925
4607.577214958777
2792.347419335404
1862.2872952862153
4590.158775742274
4143.540696125544
3383.01625307424
2336.7761075317953
0.185239542600632
4615.757055216047
4609.948137501129
436.9319044288078
2208.0803079110174
0.0
0.0
4155.68105961668
3325.3163415323074
1348.6402858482993
0.0
4089.985182083571
2094.389254771735
3302.939512259502
251.0697252598938
2937.518911693619
799.0037245584892
4614.289451530954
1688.9625096935313
4051.8003436656863
1155.3206250975832
2558.7869500233096
1267.7586528914178
3366.2340677741095
4618.415176312639
1056.8907281772317
4613.127915199209
4611.462597176247
2156.252387948308
4604.682528767676
608.5724683190533
898.5386596453112
1867.6776612474955
2437.5457712955094
3472.290563110547
3953.2972918478044
2585.323172274675
242.64706557969242
1791.9659424034037
4606.100328726771
3170.5568368640834
503.44287075257205
3434.425495374061
4321.659534515689
