0.0
3070.7232163138824
3706.547279819276
812.3510138476274
1970.3986428626035
4553.758943750588
2535.5448907329724
2090.0316133465717
4614.68618944181
2598.358775309935
0.0
2858.3125859489705
1808.7445055482926
1087.3210033220905
3292.4786832509853
1345.1456516812705
2274.3712375441687
134.7624100454309
3629.324617583698
3234.472200993506
3722.0389879513004
4609.581963896075
4606.209421039577
1376.8132903657213
4618.415176312639
707.0967713087886
4609.47914289413
3920.9715539443578
3439.2397354686045
42.45407854326971
1390.8774719752214
4605.5213655287735
3725.439799786419
2904.303418221468
1292.9049495847814
3294.3730292095615
2859.4189079614953
910.2595480627033
298.2245106836781
4604.346765034071
2705.0203435331337
4061.33727906432
1773.9241666801186
1615.111340751746
1359.3609109708339
166.1208225796081
2109.8226555603883
4259.34398392676
1167.795003177579
890.1909011102663
411.1090284603268
252.59460577585727
3676.522079189272
3521.0747655834675
0.0
2870.7774577394007
2994.6806314753067
4053.421603360162
1851.344479352303
4616.124740704272
314.18893208537776
4225.549004610612
2044.1386806787525
2504.0543700349454
4603.335290688523
39.67050967210024
4602.506096402176
2308.0229778728826
511.607515062663
3132.3791454361135
3706.3409689020386
394.1403522099806
4612.589542145555
250.96351697995846
1697.7235103392472
507.6510736750845
0.0
3658.1805010289954
0.0
4357.38247442985
