1205.9178769284952
1263.6572572592825
1139.6409724617704
3594.4534193235068
680.9631427082401
1391.4633359537625
1396.8397198647324
4254.552557655668
3576.0972523452474
4602.506096402176
1.3727013912861672
870.6860321095575
3518.3137620473303
4581.70715351942
3992.306790561213
3027.3088771990315
2602.093099385219
554.3462359708121
10.321574708554822
4341.692108470947
0.0
1416.114726781379
0.0
1116.347124395424
1730.7171255463627
2524.130914900467
545.271316030088
605.9006223685524
483.42274428168685
3025.2066377826854
0.0
3902.415458235043
3090.9072755908564
2454.9205638261656
732.5280677492249
2861.527356237194
3630.088121053737
4618.415176312639
0.0
2712.293466269182
1037.2844334291988
1950.3432450072733
3411.12160465274
2557.6095932902904
358.87787953216076
25.205192261283752
1683.9578150712782
1875.3671974393378
1063.4928635334627
2147.9136144238846
662.4352382256164
0.0
4358.017096496314
2182.068313984616
3052.46828660183
1148.2975363904607
486.1131589042538
144.5438113440463
4035.7909467731743
535.627761366586
644.3806403455385
582.353628189955
4613.385271416074
202.24360031062528
4609.950896225506
3386.699939579623
3792.8143150251244
2099.087480024453
2674.6130161594197
1578.6791772852598
4604.218336119073
4616.382097031839
2890.7032820932354
2608.0412967143784
3552.1698276499556
4302.165724582593
3046.054797536126
1671.9999866885528
854.2740968197394
3506.402569788541
