0.0
0.0
3057.6093255591486
496.56468427372994
201.16298960771286
1036.527675553088
3944.3370238097596
2390.8140193901195
4144.8300244122875
3231.186392801056
2155.450253419879
2870.174063882825
257.29713098983814
1108.056607544049
1464.2101607212078
2037.1680941503453
3996.857261536774
4602.506096402176
4611.134575602806
1186.6229524127443
2985.780986411524
3773.0621269980293
1938.66858490052
653.4676804679349
856.316438254011
4367.345451052746
0.0
1771.5424041174742
3585.9054789921165
3368.113685778446
4187.467460785155
2981.011226806587
2843.1770460798743
1528.3780012665181
4618.415176312639
2697.1751879665962
0.0
0.0
739.1923167720652
1748.9508168439365
0.0
1282.3205488782198
721.4323009469488
4604.230672149148
1755.818919099556
4609.078608435592
3662.4222136816456
0.0
1317.0184444387828
3111.961188653129
2301.4925836436905
3575.1965543029114
3861.018318628271
4613.851988985891
431.8737493682019
4255.037683261898
1591.6903503673152
3665.8050713343237
1677.6058617413187
0.0
0.0
4615.992202145892
591.9050726843317
4612.529250301896
3613.0093466154576
2566.9578807828634
4115.912908179822
4606.827531838725
612.3182752852099
581.3376410292506
976.2790082081018
314.81989350237995
2381.6403129297128
2315.426399349333
2468.6991264910503
753.4737373334667
679.3351494864319
3403.639388984932
2752.0659657665956
1705.9502520231538
