2372.392660042987
1811.8704124153853
4149.487413174736
4350.143132405183
172.53104015813872
0.0
651.4797489334242
1794.0585738115612
1187.248520228117
0.0
0.0
4608.211677104368
1023.3407223420754
3098.2637142099
0.0
1493.633603511403
2618.4212857518796
1693.7615395388011
4054.2350324400386
3222.0709397021474
4325.520992853736
2783.4955947181293
2629.8400499352642
4612.067019745766
2678.790726331007
4301.737215215649
543.7112223161596
3541.73345528006
2658.601516899821
3786.5834797795746
1989.1459749475118
4618.415176312639
4617.225809143674
2038.3695416014975
3180.482854839604
3303.7775586402245
314.6393242879588
410.71234423410544
1086.3843741174596
3746.4408101685667
770.5745020330857
1948.089885361636
4081.170765742778
3235.19949148563
753.8243848520178
2797.7935751742893
2037.6426046486256
4610.177883574499
2736.019406445147
3064.5808964490034
1175.8649131837851
1621.1655224846645
4602.506096402176
883.601117294955
0.0
2831.7836303611925
4606.219267912036
2914.4204044009366
0.0
4153.82751698976
2753.6770291840344
1758.5544892807943
0.0
1211.8346098263644
3253.2964334073495
2261.943818254471
284.6409637913716
0.0
1485.6512680151905
0.049965877523031374
2103.4441023916274
3689.3363541812605
2218.2973820482716
251.44180996090384
1230.3737810106143
3984.587966864729
506.5502367394322
4614.534142075294
4081.1702944905646
4206.91376293706
