307.75105697274176
649.5492571224081
503.23090726471014
2800.470928319028
1216.853712318204
2125.715938278517
1761.10457842386
801.6656396938165
4613.0501603685925
1157.9282157077585
4602.506096402176
4233.721295565238
0.0
708.967717301849
4615.08981501133
1392.9921120968734
0.0
2453.172759232014
2105.3049649158843
2559.2947685161007
511.79636053765296
3576.6055798906477
251.87144147726568
0.0
2959.8986346403854
826.2652161075878
1.04700838162025
1155.9140309957145
1247.8966222184974
621.2713079645725
4068.1913716096437
2098.5507735622577
1485.6789007471264
0.0
1108.7949520819075
0.0
2172.5147154034025
504.9399718149634
2116.162281349803
4605.320351562452
975.215858667139
3121.7832075515353
1972.1462767119285
982.996771530559
3426.7352475427315
1142.6803763382466
4125.5314374176905
4294.543780008263
2277.206649642568
674.3327856204949
3829.8759540173323
3486.1613467013767
2840.203201651446
4302.874882327892
0.0
3677.5282619020277
3925.7642721330626
2094.7903511103113
0.09396901256093237
2461.672513155727
540.801757860766
3512.594134457957
2674.3655069189913
557.9036113991903
2785.701041497568
4618.415176312639
4607.372878019223
2091.5235358420377
2296.5192495280276
3304.7218150774847
4401.152728161064
1701.2393903535376
2886.606047510711
4009.710330332354
1070.5372773379609
16.545382937660676
2088.251178756985
0.0
2307.7353866515155
4610.3958007326855
