607.8453552598119
4160.6872246479015
1185.2147983972784
931.7424510116432
854.354876741523
3052.199699994901
0.0
961.8616169598637
4606.252914250177
26.099799416677342
4568.5700673024085
389.1970833987483
2610.7503954336285
2861.820120693522
0.0
2513.2586031231504
3959.6274663520085
2756.8752589756814
0.0
462.90657394473834
1565.120803396057
1119.7723302986271
2003.0047443946896
4211.30471336178
1629.712949980685
3865.2060005329577
232.06636999586618
3307.392256385745
4117.371855651462
3059.365018096914
898.9311544443356
4311.851153229089
786.8403644121242
0.0
1340.867140775658
4604.051469574144
2380.6755230626077
1709.3013962390414
0.0
4116.2757257928515
1458.4488897697806
4608.388842060736
3363.9595712133096
1019.4306164749598
0.0
1589.6638442278934
4602.506096402176
3585.1818223134487
2398.695402974622
577.9530895126934
2027.0424805982552
3726.6100002846156
1582.390394056495
2346.875695082839
2679.2812644316177
4613.433117874619
0.0
2206.914902620224
0.0
3612.7517744342995
0.0
4367.345451052745
2917.383322846241
446.96840577359893
4618.415176312639
437.65833326209554
1861.5342502239107
1830.9535101071506
4248.358955846845
845.1485607436975
2642.3769165984695
3.935666218591577
2622.997454828158
3123.6179999458086
0.0
318.3970976790673
2214.5674879385333
708.410956786306
1518.2337277038257
3112.889845953416
