0.0
1692.5209532717147
1583.763564435325
2780.2269975105382
242.623042286037
0.0
2077.9212081295627
1541.1717575114276
3194.1945669893107
1694.6872145949515
4293.469319174145
831.5656458006035
3653.8800105026253
4252.060551527641
3683.1334847147527
0.0
2820.627027648481
2151.0339034614667
1997.3047682563945
229.2134386612251
1394.3537970215493
4180.277287293739
259.75770390092697
4603.524365937991
4618.395979157582
2304.260345372378
2666.514586199762
2742.4890688239584
295.22420293004024
392.5129218885865
3813.6455438045364
0.0
3355.4640029663415
4602.506096402176
6.122875571417234e-6
2328.7759802568944
2799.364105176397
4606.07033636051
2958.855021384312
379.9812194846247
3827.2999864922112
974.3873844178846
3433.269309659118
3240.4457544173733
258.21608865936923
849.9514708962167
4604.688179839567
2775.657279311094
1229.8721602998714
171.46258591099314
922.3685196562624
430.8967947878867
555.0109695898877
254.54120252606214
3811.4789308063037
1634.1305800795183
4577.834534566972
4495.779081321315
1212.5836674727211
0.0
1052.7999351314616
2502.6948552231
2695.05048577477
2127.4406381663057
0.0
1646.384977323951
596.4221648003023
2290.351816454462
559.6077289788353
3738.0127919871
3857.0546349698625
4151.29840086247
3802.8515147665207
1948.0584361863857
4615.701479351003
3048.7787872483254
3499.8482507750687
4000.9908262677477
4068.177589360553
960.970116257113
