62.14220364903251
4018.833124925248
1211.4936238221444
2862.6066605024016
1772.6880072595216
4618.415176312639
1670.6106104780151
1939.5385119697403
1003.3519162943013
0.0
685.181869103536
1540.7283806769053
3337.4757950341027
334.7594499680452
680.4911073063159
1538.2114444296762
626.8653364251296
565.8202179212373
4602.506096402176
1060.984475011966
4612.11910527379
4139.621863984595
0.0
4359.469159804481
3276.3326518985823
3970.9935078535227
1867.3910980759047
4616.04821314133
1533.743043510434
807.1243035116897
1278.041043853398
128.68473757027635
2254.8289880070893
365.3977159251809
4614.665267620301
2347.18834023141
3459.1296430090374
2731.119791852888
2983.420581835689
3713.5601893469693
3438.867793574773
2510.360422741874
4020.802080699969
4099.773817627437
1905.3723578496144
2085.4357182806684
551.9625929079737
4039.9273091275218
2394.7846848096383
4022.1702857233868
485.24171161450056
3798.612498959105
4605.812604529009
4617.203330753653
732.7271831044806
1345.1063513232443
2648.565591255193
3560.0402510937165
651.0171877929564
192.5078421774656
4023.946806358472
2861.221728540015
3048.7094424149905
4026.9490001264685
2839.459642988504
695.8019143347883
251.06972525989377
2917.4912079426326
7.061430077584376
1996.8925625255456
1511.8565176697834
0.0
778.1444117631097
0.0
3349.542107521322
4222.970583875008
0.0
1547.9720115873174
4359.984169611826
343.74236979187805
