1151.827407739593
2552.596837289761
0.0
3479.8748502151875
4602.506096402176
3838.661353636453
2616.6796232343977
3613.634244560363
0.0
4618.415176312639
1144.9683300269526
1677.3360058266148
2422.8298503939623
3332.478667773492
1342.3598712318312
0.0
4611.011031208989
552.7300345146208
0.0
2147.5581944983815
3188.27715055928
2057.3500275479464
4606.503437452154
4287.239268985917
1599.9033195847323
4616.201502894029
3481.153226043716
1048.7254875066626
413.5583404525479
2950.814622804833
3993.634235586192
0.0
618.7217839704754
460.8776440992349
3818.5710059842713
1175.6684229652185
2287.124925456873
1544.2689483537483
1410.65357874853
0.0
1832.71290031047
4.4875591427341135
561.7320927233319
2757.791949204321
4613.795905868279
511.6314420793524
2700.042628621204
0.0
2054.947786824628
1185.518473540637
613.4069127182537
2129.673160657466
0.0
696.3041197019687
3316.2055879727177
2931.9434969361437
3929.619961687651
2051.1389782342458
0.1696625300571029
558.5502100518212
3085.9439031155175
3235.87317244158
0.0
2932.0597179919628
4303.95817268126
404.02319180838873
4213.071264856548
1233.3854972476422
955.5967041302096
396.3462073896198
3984.4791753160457
4206.888060243342
4608.2723866031265
1972.9088493984384
1118.268537334379
4597.145678199736
4591.0132206485605
2835.5975186373103
1819.8623132914936
10.158440200009146
