4611.970566676859
3682.3668931770358
1676.9354980603177
3894.1859556660693
4608.531414524819
4616.716756677128
1325.178106523471
2933.2392602588584
3776.11207316345
937.3021301995807
2475.8740767392806
3280.4833943234244
4618.415176312639
0.0
1113.0674410011657
0.0
2174.5841151329864
939.0887910602855
288.85408872762696
3506.039812483193
4614.378093824193
2206.9170414947557
3591.666789768098
1831.1600472891846
0.0
1952.161553696561
1248.414784231618
2720.0258625039587
4145.642567494462
576.3327147454498
2379.8045735783026
659.4205819026878
615.8002376367434
4602.506096402176
386.0487117921225
250.5046620146504
2850.00060051779
3659.1751492091935
4406.4976690169005
2751.0412367838694
3162.965987311739
502.0789848476833
1528.6765454814094
0.0
4604.123980635611
2221.697371368962
1047.4071817782637
3982.8644462162692
1360.9977325577452
2083.885670908129
3159.5591391587786
3476.4937708995267
739.2566885348475
1650.6003105546006
3285.12274759351
3066.9834020389094
4290.061352836718
284.0938557433214
9.820582237375884
867.3280180875399
461.42963324177447
247.38050083544294
0.0
2355.703414462187
7.56697236430322
3017.4669071432386
0.14066377319569823
1141.5235358898476
2077.0260413425685
1427.667284827197
23.157898475691336
3715.454117160464
3796.8112904312893
2706.0860614325707
3335.4812636406764
4253.6212767376155
2198.6785828118345
4375.944072806608
2012.8738342953184
900.8497275412251
