3123.5293005262492
0.0
3685.8324906102225
1273.3736620330776
1835.2041785743195
3864.0612362482725
2003.8678693585437
2945.513241276054
4605.011320375797
3425.338221157189
2396.2496279654524
1377.8848420087459
3802.783166170794
1846.5511412814578
1113.202810391912
1112.026250608659
454.18198971709364
3146.4300849733586
2289.1976935860416
4300.675962964851
502.1394505197876
4239.137375417852
2340.0735079865917
2197.9462782307373
4606.454767046565
3585.7896667113882
4616.569060994887
3547.268018809208
3996.3804032748
3247.5891952488564
4612.252775942439
4608.789753311329
4031.1644537356906
2170.1431463433355
2800.7651290933445
702.8022733466323
433.33765433289335
238.80779349466647
2148.270935901914
3199.9959059582575
1359.082401479142
1293.1769944229882
251.06972525989394
1617.4602618507283
1482.56220139676
2428.8438011559306
0.0
1224.5924650822094
0.0
4615.1895970945325
1709.3014331502895
1073.89341765327
2893.1756634944163
2342.4799120570824
1774.4224505564257
2963.5767537285947
4618.415176312639
4312.2289792485535
2790.0586999505795
518.4105007538539
1513.582490431462
2622.8413812440604
0.0
4351.128921354325
964.5142815848209
613.2852818811581
617.6876694038626
2496.328437895146
798.190784408709
376.4041275470757
0.0
3683.264923270388
4602.506096402176
555.5822558544658
887.433636984012
0.0
0.0
3326.4051348102657
4609.369362061708
4038.5029938301
