555.8612648740701
3909.277912141635
3961.118032157626
4339.907994652941
1440.7276446751528
3113.415086511905
1751.0424953330298
4193.091502209664
4611.372551308975
4610.097945598733
2304.7432187862487
981.0605983044679
1516.8630537720799
2299.3954784859257
4617.15807368943
3106.7151618247767
0.0
0.0
4587.723288609561
2388.5439247466666
3931.0411887218606
398.6818667916635
4618.415176312639
710.6802937233671
463.6297054528257
0.396368710427211
2138.882019238598
0.0
3745.5415822854247
4607.3702716814805
4100.994591056779
2632.276666212012
1432.1186889566884
1635.612997996871
946.308649525979
1097.514122136877
2893.6123959411902
250.7814647834697
1221.8229583385232
0.0
2800.6133202158317
1538.2043222989284
4326.288709829213
1543.4646076210558
2316.9252266267854
3175.300781311732
4602.506096402176
2533.332855665734
17.14664703252363
3390.8474201014906
2234.6193845519138
270.7870151553236
1949.2202260117183
3455.8380963236027
1989.7066626191804
0.0
4612.7757750634155
3623.5187587745813
355.6570284416293
4044.6927457513775
4349.336849009747
2.5218406365855106
2778.4282936544882
4075.4527315096107
4614.629687900209
1338.5006801590418
701.0037598678895
0.0
1484.6771744223306
2731.6679052257946
1961.8560686585872
3308.7346444696514
4605.035683710156
3741.2731507377457
753.9555332729622
3795.610719596056
11.45953228596147
0.0
832.6257568835601
3264.8198099350575
