2497.0334810744866
965.2739678462262
4566.381381150457
47.50184413575296
3452.3371400269134
3355.495347890683
3763.25893460904
320.733213512903
4220.631428185314
4399.071474561102
357.26467839265
1646.8689892518528
797.4483607235854
4617.321524415287
4180.851634168593
2436.9073810604905
2064.96826117082
1449.6561745143526
0.0
3804.595565277704
1815.834328091887
711.9934526042025
1163.9692439996318
0.0
1741.971208754737
662.1973221892715
1569.402231215561
1051.8321981474123
310.37462447326266
885.8632251337067
2254.9023069122577
2414.276625811446
1143.282325864272
3398.5267111503144
4613.071653114673
0.0
1495.0511002125245
3132.741808273209
1388.9648482688258
2427.3255134296887
781.6470263985134
4609.5406344126195
2826.6186236552758
925.000046972478
2595.5558022840896
2672.7857172504273
3622.920851751691
4615.958364778086
980.0794932540476
2631.4016863222614
220.17004300011723
3512.0341635945624
4003.0567206574624
287.0103818680735
4214.085491381812
0.0
2415.1634188122575
0.0
862.0686823701337
2916.9153070612383
1115.2559892327445
0.0
502.1394505197877
1328.644959957103
1340.1764807156312
4606.149685600431
251.0697252598939
0.0
4602.506096402176
4362.010143494342
3202.671667823285
234.8180749680248
3605.122930797982
2998.9922850041066
990.6683635976576
4618.415176312639
466.5008331624773
2216.8955895291397
1334.9648481626582
4293.227095091547
