263.45524881797417
315.7710394488063
3790.124454277523
251.06972525989386
1543.6379804553533
2839.131016239634
0.0
1525.864310158356
3179.2680706382043
0.0
2207.1581465949207
2662.6188288161084
1574.754266318263
4399.472985332806
4118.253320275587
1366.0616795633362
2474.0723586415506
2193.402141612213
3999.398549900752
3283.0686854876194
3459.9395348073112
443.2164846156858
4602.506096402176
4618.415176312639
2229.8900884502846
3470.783629826217
1816.9505197204555
4554.369586220655
3710.6578950590933
2666.2761910385134
4613.650010978886
993.9120460272393
753.9265395622568
305.8072285426
1325.115962820587
18.11751662965829
4166.54147525624
1730.5898662089637
4603.98671555955
1898.8849828915897
2795.504302289226
2062.6135718052346
3574.941039653247
2938.5990239527473
4269.723136522451
2356.915374338389
2449.583567142778
4606.326951733961
0.0
588.7900720232143
427.1423679366079
4608.106166295412
4336.959057016327
4367.372562672071
3575.7939324725794
0.0
3486.4497085027233
4496.725757400426
1321.4615592012515
3732.507690989624
236.98293185695945
3034.76947070209
502.13945051978783
0.0
2164.8068389049213
0.0
2659.7054740653866
0.0
1194.7339328291584
2024.731605794784
3890.6259687334427
3335.4356450181585
0.0
3022.0080686735228
4616.892115608787
1260.5117554555277
3632.888095695975
789.8591618782757
1343.1995526768778
1011.2499923925685
