251.06972525989366
448.94075107916245
4610.481481131426
4088.1037210089385
3752.9953646260747
0.0
4084.8859973562826
4617.566789742204
4612.017767648227
4605.667583325017
1151.6005294824804
3048.2738468405896
2601.489864090361
592.0273299871022
4337.325878680948
4613.346527254967
1872.2635751056082
3157.0528749413374
2301.404759725807
258.0401525084086
4607.235734282953
1494.133888753754
1390.8471789273074
1061.575183153811
4340.818248744898
1672.504633545742
0.0
3284.0487146583723
0.0
1481.1640927388598
2707.4182000366545
406.01395982826637
1875.447616323702
3509.05186352051
3532.6404780891053
3485.5462001231076
1231.6972876330672
673.2633901580934
4603.764218678926
0.0
2254.7036346984087
4618.415176312639
2008.293082562652
2811.0256566253497
0.0
3423.023137281727
4608.733697326191
4602.506096402176
3326.312163874684
1241.0378236944573
2526.1227428759566
3967.7575263359467
4291.329930272963
553.5781149124542
2893.8841147351736
1764.9445093634429
0.0
955.2527982469422
4616.231425472421
1802.915541633844
869.2016767234575
2141.594439348846
533.0285851306986
975.3679758981875
4614.994782117493
2822.08288334417
4178.576925580071
1143.660973976262
2372.937665899853
2130.891057160598
2151.619552981647
2904.2966501086257
0.0
0.0
1765.7455187205674
3.7347898283685215
552.8318017830002
3024.828943507534
2497.358198744674
3827.703467734408
