4025.1087898006444
3669.0264689289843
25.161552126984247
2995.7376700323684
1164.4090780742388
2502.9038796842706
3429.2661919035
0.0
2228.254592751418
4602.506096402176
4615.448949493375
301.5189002071673
1094.4486764495025
1713.33981010872
258.44190813074266
368.3377481635541
3822.5140105938626
4604.27883739407
50.90823644668276
840.7080605712649
3099.3624595365322
3091.6391284037895
3481.2168960169925
1492.110754723565
4611.759665835676
4606.461313955049
38.615208796048925
713.9979654389653
4005.053167512144
2758.9074090532167
2104.473274688682
2435.830065532984
2035.3713956410445
0.0
2592.7462464901923
251.06972525989386
0.0
2790.203547281872
1634.0410181276877
3354.86494440119
804.5361612894648
1710.4324526993025
4618.415176312639
0.0
4312.038200169012
325.8198484771109
4083.896806135677
4258.134329017165
1871.619652150387
1616.9515193674713
2681.3304825265227
4367.345451052746
1145.1742957739639
250.45597059274945
2372.1676930862154
29.685747753092993
1388.0160719127339
2443.193592949852
2867.8278800258577
592.5976159096358
4071.8578174666436
3806.4823864425452
3391.0041221694573
4609.570284709091
1795.229899106229
2232.8908708336794
757.0645025128076
3576.5357878951418
1121.5023790386285
4263.530367851652
3252.0916654077346
515.5166816577125
3270.56788868089
0.0
1958.7882744081207
4188.658439245874
0.0
502.8474032436168
3682.0928403307603
1271.8785115784463
