2119.2738147378177
505.0456997517096
3824.693040170473
3902.821109920338
693.624212068571
4618.415176312639
4602.506096402176
2832.481896616805
2618.0744695222293
1635.8628740317488
1399.8254999401506
3428.8659312239097
251.0697252598938
3068.3891653986793
1593.2923472211792
0.0
0.0
4017.9761271306393
843.3854432931649
2993.2611991510757
3226.7389291167683
2534.5979522023204
0.0
3411.101198298466
2276.081535775722
3245.8818865838243
62.42974926164877
3387.7453656407524
0.0
4549.782896001525
2582.9476879362865
1205.4401516953496
301.0277830287257
1553.1943104707934
1612.451098287256
2682.557225767659
2721.981581906565
787.7833617512459
0.0
2865.2463287327528
2075.341909550665
4616.474057405378
1766.3678932518173
322.52494661868076
4322.51064260041
1589.7208501771913
4331.949378733554
1604.708494838649
3624.4142951284653
2988.8027605192606
4605.357371439433
1761.5780904562162
744.9608271454325
2442.0199217303575
1070.2265706627438
2547.7623464882595
638.1300785676317
625.2014618054691
1366.02987786977
2301.473460326628
4603.792851983322
3569.088444239155
1377.3968156030535
203.8595598481493
4608.876838819832
786.5859285098793
2590.157391363351
1857.2948316318143
1043.8824046373602
0.0
863.6284263355384
4614.75922057201
723.4407403240618
0.0
4301.827589178606
1598.2957958274017
3321.541948276319
2364.9042842744816
3962.7041848116487
3871.3741256444855
