3331.64007754931
2137.7660478267508
4603.977215699734
3963.663230033272
1362.5375412347303
1111.4374384355265
2125.7138455179856
1680.4046999224408
0.20142135120900795
1291.0945951055455
2490.004165373724
4615.266651462592
2783.509507623166
1779.1396597405198
465.11189933020825
4238.257836613726
1248.4915447311305
3617.487488694733
0.0
4182.127044054263
428.16406096581915
0.0
0.0
4594.070421193618
0.0
2306.1807719481467
3725.5199242839803
587.4513981872844
1170.3268306110465
2015.1085605426924
4613.675432873211
2909.704415901831
1045.470020210178
4609.137487560544
825.4840735868534
4609.316298688444
4617.539233017224
4618.415176312639
3939.3185488150307
1768.540227157548
4610.46854688356
1933.1514009343525
971.2412504207141
1628.509423088028
11.511686362123184
1449.1709170857828
839.1226664580553
4602.506096402176
0.14998304922435254
0.0
4606.562941254643
326.453958512902
2252.5598028478116
4014.2302381520485
673.41358698185
0.0
2661.0843174299957
3217.9744581436767
0.0
655.3826893501007
4326.656066865254
0.1907714429142773
0.0
853.8736946913076
3.2632938547557897
4372.8209915801035
2848.6711447038033
3020.364365343905
4605.2521664489595
3223.9031493855555
3805.531711265362
1573.9824539193492
2388.918235777626
1083.5467276716017
281.8678932327971
4607.871571304886
2601.535603187201
3299.252771128042
3638.8511528008694
0.0
