2839.1715347120835
3009.153436407439
4565.750962170429
2039.6304414964118
267.27210674647404
1298.377608642756
3915.217045831441
4272.061346464517
1835.851763635203
1335.3299607003096
4384.821815644543
3337.5133777978
3682.5901218374147
3294.9510804213155
546.7298953928513
342.82881025072095
3153.4791412950235
1643.3216512227389
840.8034882130137
2334.1630679814543
4116.275725792852
4243.892556716423
4137.414148557647
4594.010762996774
1554.4470227525917
3013.8386140452576
1152.8352439136129
2121.5248761732864
832.2389365747599
3841.1988344500132
2550.0840615724296
2752.944245275351
3271.697338783693
1509.538476648768
2083.2075939340702
4227.0112479082145
3985.4745291995196
2195.21677497291
1341.351907521093
4367.345451052746
0.0
2460.754487227664
3718.870713571816
0.0
4612.163567179506
0.0
387.53416209106535
0.0
1099.983145663129
2424.301846141606
495.55615795498164
0.0
3865.2060005329586
4602.506096402176
1668.3629209290837
0.0
916.6833553612996
4603.6117206414365
2293.114225322044
289.2640883991163
0.9722586547566425
1767.8071332649008
4615.042091418366
3268.887689173004
677.6698851359503
3579.689181694212
384.04863730268505
2131.139678502279
959.5846348724264
760.6621596135494
1997.091943580746
1494.6670727170736
3810.1936074373084
255.83362795078355
0.0
1117.6557877020864
3612.14576506288
4618.415176312639
2950.682040501451
2623.8100911058664
