938.388516954185
2801.723385339101
4612.810703987838
2406.068289492333
1688.4763081773426
860.0316164763808
2576.2203309876704
4606.721900889755
903.5917820835969
1291.6394003816433
2326.8300965785425
4237.252721027882
3049.6501938542838
753.0108108632011
4610.625649095744
2930.8278928599193
561.2974649290728
997.0167690830884
1124.3976001889584
2789.0130371085793
4158.132210643952
1806.4227499304016
4178.338864523928
590.7087050072233
3434.0944261457016
3652.5278600815554
0.0
0.0
316.56306149266186
2516.1957050510564
251.06972525989377
4608.755190621258
3626.4095254341673
4615.364686831204
4284.398059646161
736.3362256935643
0.0
4365.824152668616
3751.1510415592647
549.3556332558533
3358.178093452597
1790.1110079551142
1524.2577806227157
0.0
3632.9027684691264
4602.506096402176
2693.5029574986106
2169.0921225015454
3900.0364691364484
3652.949365866467
1141.9530417133153
3696.638607227646
3673.2600997214304
1947.197436147484
1596.5003316829561
0.0
4617.333812015021
1301.0809463995022
1628.7795094468902
2533.440122528419
3595.79094915949
0.0
4351.542074741136
2064.0637593015235
4586.741635471927
2155.650362605856
3163.29052385467
878.2592664057336
3553.3339201364993
1610.0491061048037
414.5894496132364
3609.6899286802586
4440.2341046737
475.5882492727457
3209.1698164324207
501.2049297391605
224.60147377136133
0.0
2549.0607384216814
1960.725916480528
