1106.6944229672013
615.4143540053002
4592.784291911355
64.33050999874948
251.93283790473401
39.52098076038744
2686.813277957439
2619.6201001839518
2069.9102611691665
2743.042026740761
0.0
250.96351697995854
0.0
3367.6873278882244
1941.6295168346414
4605.237452896979
1510.0481791987054
4603.919191056528
809.5517221246207
2542.733991933742
4618.415176312639
1868.433401474666
418.12948982597743
3174.3883208416514
2177.428422005459
788.7528380421992
4611.149030151044
3577.231687535341
2431.274733613483
1481.158637047439
6.441105847505019
4614.902639030739
2773.9830638518442
0.0
796.459683092899
4617.535664988953
2235.801920677815
4616.299405982507
0.0
3086.2633632321704
747.1890212389808
2495.5817414956814
4086.462114118998
511.10673354774354
0.0
2601.524358564318
559.547628538226
1058.7357983439051
0.0
1605.38448913965
3667.6714774633406
4609.315523647376
4613.727887230915
0.0
4602.506096402176
3333.5156964340786
1457.3949659072273
2501.8748009188776
0.0
3250.8284845409685
1145.1127845954475
2262.931311185457
1887.0962836310314
1595.6564716349033
420.7386298177788
1998.8075188776793
3515.585053559498
3975.979012545865
2868.608547019725
1237.699042513292
4198.684474213959
15.424099443703575
0.0
300.0099591018093
4612.5659382741
0.0
3898.8318848840277
4601.699593505599
4016.9845033303764
1343.3005198757085
