1748.7838582304112
1843.5480514786746
524.2944052451197
407.8248982825271
2661.9252387388087
4367.345451052746
2867.053555396605
1038.1930085822094
0.0
2684.9754110111057
0.0
0.0
3344.360652821535
3648.9932335295607
1254.7610908300378
4605.398657430439
2402.021078474791
242.96905473905258
1105.6804503184044
3155.768522097273
1698.358646038532
2624.25494479176
3061.358283727144
3920.125273844564
2881.539628957489
4612.578499517752
4610.069970572898
251.06972525989377
4207.123311395172
326.43748358224315
0.0
2242.703945321466
451.95904455884425
4603.650404867307
3744.18838195651
7.228023150552199e-6
3290.0276538345133
3651.695267043437
4142.725581558457
382.4809170886579
2321.962173688328
292.5706586324251
1718.5056500823234
4608.45949997977
667.9059098050864
1678.1439847758015
4614.744530233204
1836.8540578637192
2111.246965615856
1131.4036694818792
2047.9951872809952
2755.230114783577
3658.8358283367834
0.0
3496.3208710916315
4602.506096402176
247.4449716553084
4618.415176312639
4258.24692730691
925.6989083840648
1812.0576997600765
4315.961855056928
2123.419816331769
1745.3055804759185
0.0
2457.2826935474213
4167.21368141342
4080.7364063281675
2674.75266463185
4616.484297883354
1587.5110812207197
2046.0501156630612
3315.711248654811
3170.1369189733787
815.7890547091132
117.4344249131077
4218.060958045594
1450.4701716751906
4089.2389209623634
1199.5022810884316
