3719.9705256071406
2904.710626025512
4585.802145248004
4617.080026716864
4089.9922208661023
2649.1292420246486
28.35409303532778
4608.526250222401
251.06972525989391
4029.9833839197345
0.0
935.9362682704556
349.23517956570845
3146.299036964654
3740.0807643350913
2499.34685797662
1096.999678959992
4236.839535699724
2000.1744672124153
1496.2014207796553
2512.59932527
1.7492520293571614
3041.3937423681723
4604.888811419843
1257.440039316108
1732.6029444676242
2858.0072447747575
3353.7827266611366
2782.9119278762623
3386.580080559049
753.4776826778907
2176.719813632261
45.42257130576179
2156.880463667784
0.0
4334.400055239783
1329.1702386504521
3457.2507937480905
0.0
4.275594810010897
3580.494544998368
4618.415176312639
0.0
4164.065505662835
4603.153911388053
21.014072026579957
1419.2324017744124
2988.569349655979
1608.053228121955
4602.506096402176
58.78058543062501
2037.049801013819
4610.166186703344
1107.7418463271233
4569.140556684017
1483.5396281302726
1013.2976267395412
1714.0033966633418
0.0
4401.941907070917
3921.436155453291
26.731730271877403
4046.809575019061
533.5084543801697
1865.8655875735753
1600.002831181184
0.0
4585.920029930159
2621.560536148827
349.2333838219951
4367.345451052745
806.6119525828851
502.1394505197877
2306.3461951280456
2657.4532373769257
4598.9852367589165
233.96103113918983
866.8081581977565
3058.6570498994215
753.2091757796815
