2730.188012917567
1733.235296191022
0.0
1961.6460927744533
1360.6123535541612
3353.0014056441973
6.190332834952972
2024.376094545645
753.2091757796815
2352.275532841506
4603.86509550926
1067.5573094173435
641.2602374257613
2158.703390024762
2172.1180353119116
0.0
11.101270431085325
686.0583643112147
502.1394505197876
0.0
2847.9539197351505
2888.636531344707
1940.2750447741719
1373.8531737287194
2990.8061946066687
4228.707069479959
4302.710205226207
4326.055682156639
4609.396518100207
3856.232808403499
251.06972525989377
1473.8590092417157
1433.3030001591944
1385.7525816232833
2.388558806957208
4612.483726292279
805.5045915947697
4198.580757558166
668.4589046734237
304.3532418634389
4618.415176312639
3283.199341682021
4.828911475277478
4605.241415534715
2230.1575005534464
1809.9303000738128
368.6661470131282
565.3775865160017
848.528994358371
707.0526790446182
3957.2029581519405
4283.329603026026
1272.5215513690382
831.7671848782727
4602.506096402176
3089.1231696251125
2645.230314013456
2375.657333657593
2.937413121979904
2479.2604699741323
0.0
981.787863767976
3641.0295087324
0.0
4052.39159740196
657.2348694384112
4606.720040762401
0.0
772.6195881953487
0.0
3509.280638410826
669.1762569434898
3514.523867509326
4614.721850598326
2591.809817473073
1730.4927694225773
1875.3321072772515
3716.41187578685
4298.649342989402
3213.3499352107383
