4609.122093892704
696.7215197566605
2251.773283895948
4602.506096402176
1960.7030268689246
1158.2649131573617
4608.882470705461
502.1394505197876
3754.403116152957
48.022570481763516
86.38217027594615
4163.987295966781
989.2755829242064
0.00018738672394853664
1421.367629911081
1672.158352337335
2750.5661162774304
485.1892657440757
896.8477559195345
3521.156911922759
4603.841551435164
4614.069592029396
3316.368623293949
0.0
4126.466067946959
4606.949021142463
251.0697252598938
2982.9228690712484
3822.7931035687247
0.0
0.0
0.0
4209.371178823402
7.538997163140888
2504.5267524683513
4616.1852310462
2413.5420816127175
2786.6673857743494
3292.473459347605
432.1623605436089
1548.9260008911097
1142.5167258455228
2552.113660899755
2780.0933138885603
4606.110504748099
1308.2831784953712
2853.828031090631
3990.25721472947
4607.941754427529
4191.845542766386
156.7090362194325
7.808071926451815
3576.3816565988627
1451.2382015989149
4071.821426941729
4604.164905990076
4605.1476651258245
651.4726140818082
2341.1108089508334
3869.3075668627444
4617.459851600693
12.62350479569772
1811.9600036748454
3065.4051063139914
0.0
4618.415176312639
305.5418334438908
3764.2150847671046
0.0
2658.585592589243
1964.2970971274679
3679.579820158603
1789.8476838019415
800.0143440836464
1352.702635243145
2065.3610063610863
1968.2768291216044
4603.335133236931
4022.7373325363346
825.7576415156059
