1127.5143670947093
2218.3533314382244
3133.2103210036657
2465.593427202379
900.3163295408579
2390.794225419617
924.740015315447
1937.9140668892726
0.0
513.8246591840697
4023.814654279729
3335.963265169481
339.26755205227204
1668.5695071522662
2912.686286142443
6.141161862971137
0.0
3330.689730434393
1918.7016216959291
4618.415176312639
4468.939860804781
986.8431540543669
3501.433175804882
2322.3673091077335
1715.0908139512355
0.0
1540.9883009331224
3607.3335591051814
246.96332551836733
498.7304097042122
764.8943844439634
4338.047190703456
0.0
4071.9560528397105
0.0
3262.198783453171
351.6693543133248
2122.903171475212
701.8086415731074
3404.4367145649703
4087.2669592769107
2307.477719357426
4604.742520489646
2723.8322765479234
0.0
1724.4315949962433
4613.869038081201
2313.8537686995746
1240.2530107007021
3173.6166012520216
611.1350353917733
718.9898761663165
4336.569797041242
1578.2302714794193
251.0697252598937
502.4850592110529
2685.234463207881
4174.183832663185
2493.590427535562
4116.297058192333
368.1145623868317
1195.8429718853681
455.41942239340614
3700.4237916382262
1963.9952789625277
1042.5656141769584
3201.249350534617
3985.311344592639
3029.84181377995
4607.952547903429
4000.3058585917224
4602.506096402176
1819.8388311192614
3102.1623701761564
1165.3302314994721
2553.5828313005372
3395.5180274972804
1393.6084725691296
3979.9108364263657
831.0273962136782
