1672.2667527165129
2205.9936035887386
3831.5614646355934
2681.1688291951696
868.9845824722464
3693.0167877469016
3397.54902320383
252.97031391549956
3230.800856995938
12.33519250405733
3430.0658935539186
1152.957281521209
1437.4048468599135
2080.3267430727274
4602.506096402176
236.73149670428657
590.6290650109761
3548.287631631328
532.305714976873
1372.9035084719715
3587.7684775916373
879.4574831988512
3015.9733858266754
1697.3160650777604
733.2308764194539
2457.245778756109
84.95074982258829
3806.0290475832194
4608.701245154262
4280.987219481993
2277.1565813685775
554.9225023567677
2926.8156207270345
3948.2665949686902
2385.0893765006786
4443.876760262484
1197.8161462246564
2813.6543196060843
3960.99562654596
1160.7625820395353
251.06972525989377
4612.710143519962
4358.402524892327
1659.3429448064546
401.6732018411668
2081.163483772445
352.0072097495213
2514.4810861199185
4195.9223364331965
4055.7644313377505
1924.2587907194386
2823.014532570921
3898.6649183512195
4058.3915503633075
4615.443014925369
1950.2230869177065
0.0
2204.284079387857
1043.6253424395177
2183.4014302531687
3261.0151750740265
4618.415176312639
2898.5421936686707
1951.5484575033693
2662.0825349587085
4604.355503317974
1087.3836913669018
4214.792820638304
707.3053255794899
1448.8858714845496
3105.1048160136106
0.0
4616.82320321568
4610.240823552611
2150.147017788965
413.5290055867791
0.0
1924.0249140362012
0.0
0.0
