1214.0510910782202
2562.278780061402
3983.144699381296
0.0
0.0
14.54555506876359
2824.568216503935
2664.3220571280026
4452.208482313909
2669.8273385543107
1974.4693157677889
3979.3947542019696
4349.864861054288
831.2657004460294
1228.0411165526195
2266.5760222267145
3745.3468900713942
328.2203462547151
296.8269111508353
3308.2312913261917
4610.459126954221
3368.2890328824205
1522.8930472374284
2250.951887747553
3339.0350800530173
3222.016162854066
4607.923184360418
4614.923458146444
2363.840918659617
4367.325270010025
4311.980459975906
1387.7355831409368
4057.510304870056
0.0
2702.154722185729
4161.568857034555
582.830683210547
1659.2203962935005
995.5325043688074
3871.5842197236866
3421.295112999799
3116.268419745381
464.9731364451133
1537.0052368309823
4618.415176312639
1327.8430369842172
2177.706164266013
1741.3260690406796
0.0
1657.1290070973878
694.7707918410233
2099.6806049826237
3701.212394302681
251.06972525989377
4612.91882598194
1127.8637271351777
720.2556382942317
0.0
1413.163326603062
3108.4381800219644
4617.127728677656
4602.506096402176
1378.933452395072
2998.1805732052317
1831.8715429834633
3724.367777557907
2538.75495384732
4167.60184108605
532.5735734445437
694.878357529245
1929.3180639636134
0.0
41.304524575964585
3535.3139078169897
0.0
2314.462730319652
0.0
3612.578887932396
2797.3673828612887
368.1612526677549
