2576.251187779717
670.3264696516088
3168.1200651100244
1290.4003282743768
1758.1130464817227
3889.423090361022
3140.2748245251587
805.078367425624
2199.990442066666
0.0
1517.420247084121
472.73216611935425
250.87109675186747
2183.1532695489054
4366.147662083993
1063.484365778882
2530.7807077549423
252.65299235185626
0.0
308.64826112827257
1759.793870835642
1391.6514121370824
257.01149094084633
4280.412167610277
3348.1920438906245
4371.343817939397
1402.2266897616453
2933.6101715899235
4618.415176312639
1035.7913474074185
875.921799543927
2058.3003361337965
2705.238624004459
4062.8934932610237
4610.960536379035
2399.6614983453433
4615.363380754698
4214.423180004477
2613.841573117312
4188.710099193426
516.3970048884587
2973.1100762001834
1560.7158532717685
251.8097196599296
0.0
397.4577479743201
4607.5747548760155
47.9686134755465
2780.9811518998417
1472.4188513384543
3584.4428725126263
539.268870023471
15.0653701359383
1158.0301914235897
2168.9301232390358
0.0
1921.427744881554
798.605726217189
751.905305749504
3240.5444726442247
1986.2483946114671
1655.7953303314089
2398.6426639101637
1969.6800661835334
1744.4279116459495
4298.085495545336
3327.1952100409762
4602.506096402176
691.8037649621282
647.5060634409019
3429.971704813542
3718.565017501119
3638.1287410847285
3959.349626294924
4224.345012740701
177.49283805175725
4100.9850960895965
0.0
2667.5752119881536
4334.094390413842
