1204.2224136341592
0.0
900.1040820040203
1643.019541733307
611.8527764101527
0.0
274.26288827626587
3766.0793962421717
0.0
2569.6047835859936
0.0
3595.6966601087674
4351.542579422218
1236.7473195594375
178.91256668887462
2293.105745644063
4608.6778007151715
1518.0370916493962
3418.2471167605163
1423.171539643553
2911.9143927336468
2605.9027853600946
3280.412090850641
1020.892635081408
3134.1154039422518
879.2276588480712
4.8777489792536315
2504.946382158164
2905.5053660168014
2770.2304415240496
0.0
1804.4488902961862
433.1327484019817
2633.9814679307706
538.3797578163767
3487.015604035715
2146.1685117830602
4402.010183256806
1052.9135276407565
2828.210992010154
461.06025771652065
4352.969388302219
0.0
3786.8760262200603
3945.3790727459527
3929.1676562616394
2920.3173115787504
4602.506096402176
4611.792894544386
2113.6113620480373
0.0
4382.767552919839
3875.128735006252
3271.1567267037362
1.9195595110681025
1682.509892994034
2336.5825992891787
2916.5252371186643
3138.2785313387335
3714.7530242623816
4151.6365466154175
3778.216779182444
4080.811162818298
2748.646109000593
0.0
2762.6994223437678
1951.9083751860721
1372.903911084121
1103.3306779834927
1331.080791105511
0.0
4605.051465337498
765.577291780064
3599.7479858804245
0.0
871.4921109517895
4381.304273946285
2407.014686005478
3398.4977623713507
4615.1257071011205
