3244.545685859046
2314.362021931105
2662.610657145595
4612.644783458479
3960.2823295098
4531.415240431041
3642.645554495864
2266.8495907120514
500.75614034684565
399.8457601824248
1110.8400740885781
0.0
3389.933791177771
4615.694092776341
0.0
2117.3583227109366
4617.385552292643
3655.834662303623
323.65968856054985
1489.59747997382
872.353828211857
2027.8307386807944
1953.6843379267325
3111.390525862673
1367.3197958683872
1829.783873106051
1487.8190612524809
237.5326996488259
2842.9243461921856
0.0
3740.882581978919
1203.7966442947488
1718.2545899197337
2190.5389324825333
72.1846716374019
1819.143015053262
4258.616860898905
4302.919016170803
475.70516571732554
4610.200523918646
4092.924850225507
751.9171872870222
1517.3143577471976
354.4445256371639
251.06972525989377
4351.542579422218
4604.380448791989
3526.999812683855
1272.0360848124303
2599.7458576307536
4602.506096402176
4607.839963968564
950.1413432933857
1649.138613185585
3190.0292463731257
461.76968436802304
1289.4003651541764
2886.871618695054
4618.415176312639
4614.135571623657
2921.1985989787713
2738.734189975884
3213.8558010541255
342.9605706767951
714.2483166788807
3404.54613547386
4362.294640367623
553.7468022519895
1919.8988627989977
3253.764913457994
1554.6481647291112
3368.9404620721743
2907.672701127889
2626.822231950053
4170.07548298803
4049.0855962190935
3682.32351160776
2496.9898715292265
2155.5692107830982
0.0
