0.0
3002.90243555284
348.0640090451897
2891.3884376241585
3143.7247350559614
2604.6665276602453
2586.8558134923896
783.5648300980899
847.241097585208
0.0
4060.0843154196227
3586.246882432287
3421.428377770495
0.0
1515.6502581522277
4177.78198625406
4615.236668700553
4182.394517185963
1932.637571349083
4201.865761029369
4595.5637584655915
3034.830652536659
965.4821966923067
3735.8517429185686
4084.409387647999
0.0
2161.4176945755544
3913.6029739163832
1368.7766175781005
2179.3881627635938
3699.7442699162934
2159.925551181761
0.0
4613.239237462456
663.5752123613655
2861.6119097724677
237.17046196249504
587.6131241086048
0.0
0.0
4050.824770841594
3193.2877038519355
3822.997486295164
1631.0058244279758
1396.251649163241
1181.8869526328667
4608.431859589785
4009.998854862153
0.0
3100.290858094253
1127.8306615452311
4618.415176312639
1759.8937023693882
1934.9948438712377
0.0
1272.516140043348
483.42547774502555
4405.031786303623
4602.506096402176
1194.3858678065938
0.0
679.3739852112793
1128.6900280503096
2567.707600881192
2077.162928501504
1394.1496273855232
1415.2652684330749
261.61525572476097
2695.9907873159145
4611.359353463576
4298.46610895636
4604.064513050364
2333.464204139155
1400.9932925375615
512.6849809846548
2739.3845742862754
1364.9029370571197
2129.6645089046183
1695.5195017784388
3343.5996708205193
