277.41794214443695
2386.332089374172
2764.7416209806756
534.7890535267263
2807.9455165690074
1554.4581238517908
4603.631566252538
3958.510431102205
1186.7137816074485
3614.3200233999396
4222.83483011647
3197.9921092442014
2360.134559102605
0.0
2636.6903239933445
0.0
0.0
1713.0641664669827
2513.1445821766265
4606.261798715241
3947.162246614262
0.0
2292.7018426295517
3513.645744735648
3696.1104650117722
644.418315178844
1000.3706722444563
3835.996777439296
4116.275725792852
846.419396723757
2579.358956240686
4280.137499489828
4367.345451052746
3295.229662987213
1741.324088273781
3792.800785874486
4618.415176312639
429.9123612010539
1447.9770896170864
2092.0045652260897
3112.180572880152
409.2227836334962
4612.501839534366
0.0
4607.64348174089
4604.8621963377
251.06972525989386
977.3807915000401
4602.506096402176
372.45042564989024
319.52668052549
0.0
3282.5488017186317
1405.3845983408721
3864.4881712138067
3363.250298140046
0.0
2234.0215879232715
412.83993417682467
467.6532451359111
733.9290588232102
2013.9973263581765
1344.7496982776033
0.0
2859.613046660907
2611.416166811311
871.0020812917364
1258.3897727179285
4051.288388273718
412.0706345918138
0.0
4614.907440742474
3365.071160959012
2394.832753806891
1999.6629425294855
3825.840268502862
4610.330591214764
820.0171619180339
0.0
1286.2219552612187
