0.0
3624.655277533113
4561.943906594183
1325.220197807153
0.0
47.67770690466627
2777.7104827778776
1951.5164701350077
3929.8536333287066
4604.420561508161
1834.8735366852843
1117.8907291778412
1339.5639773795565
1687.1181346590215
1441.6295914158163
0.0
37.94619855833856
22.251245644556185
3330.551496323333
4005.9384009972873
3142.622051126883
3338.8060860537958
193.80297740579846
1457.9651760275733
834.9411673247769
751.6311288512995
4618.415176312639
4613.7104876064295
0.0
2503.145150616076
3521.9989471266363
1662.2919135503926
2318.511904670312
3864.4281281000917
2585.0645654835175
1357.944372472929
2123.0942423971123
3863.437396178358
1001.6222122995742
1337.60820815036
1325.992401437072
2019.550895836279
0.0
1346.10102171283
2702.625470221337
2934.0847331957616
4245.562317334648
1340.8500862570816
4366.039833584239
2899.0140508205086
502.1394505197876
886.7568361424596
1582.9264229956163
4610.34841997691
2812.151359005545
4107.95405630107
1987.3409168680425
252.25202029010904
251.0697252598938
4602.506096402176
394.64260768672614
3414.322288535378
2042.4932948262308
3780.852956134599
2439.745283598814
3406.494232778902
3917.649763193244
3906.2039036756096
2790.0711636498545
4260.281807567932
4000.441703714703
0.0
4605.857115188875
4253.5550592015625
1275.5466814547372
66.7667234541329
4383.530021802651
42.55158922806991
1366.272781892451
503.58655647637903
