1399.8387417998229
942.6074058595556
2938.82894167999
4616.595265470874
2578.1402189387945
3423.903508204125
653.5989748233384
748.7050124553693
3759.3530832687698
4602.506096402176
958.7061627275123
0.0
4367.345451052746
3459.836647753529
740.7447526362188
0.0
3857.3218719304577
2281.5304217641137
4606.304699567027
4576.681115013912
1767.6412251543939
4098.184897769361
16.587184999979048
4604.192042011372
2407.4431941354633
4553.666543388512
2399.9277578960296
2669.8769169892385
2215.526643423319
1896.3304431499193
548.5316034145708
3177.425933986435
3167.394866118057
3355.4756187742096
2221.6010722042633
8.808773444555486
153.30178194424505
4234.895838797724
690.3312012480578
4285.574499787611
2806.898915853274
1660.4107535453118
3095.517225268993
1.044477109637107e-8
0.0
1851.72808700646
500.3989846125358
251.06972525989386
4258.930159798092
3467.8976556293833
2039.4670635082666
4618.415176312639
3028.091379954032
3956.7539893374615
1324.8263241285745
0.0
4113.094120576016
1249.1700726235802
2933.284715412587
3511.512324678497
502.09394032814834
3516.563450944934
1210.9591271844492
668.5492483718905
1651.2261470720996
2327.448053887075
3959.608628572032
866.2928136946271
1303.2844550389393
1533.5806184834123
1149.1136323129745
584.5287605808318
2814.500643547642
594.6980598075226
1967.2453741225518
2128.4841735315085
0.0
1765.0638392419798
0.0
3643.2212124303232
